DIRCSV,2,872,-445,12117,8916,33632,32872,21533,28211,-28765,-8104,-34640,-18546,-34591,-12613,-32791,-13496,-5826,-4509,1849,5050,-1550,9696,-9224,136
DIRCSV,2,10889,-4073,25981,19500,20849,21102,13356,21339,-17459,-14992,-19897,-24539,-26072,-8643,-17777,-15938,-8613,6349,2120,8601,-11284,3808,-22018,1556
DIRCSV,2,10691,1649,36427,36508,14940,54993,12650,47163,-22429,-20471,-23871,-13135,-26253,-15252,-20458,-9803,-3824,5219,3413,3332,-21401,4335,-28638,6222
TASK=REST,next right
TASK=RIGHT,start_light_grip_or_imagine,skip=8,feature=nn_window
DIRCSV,3,5496,-2610,31617,31669,1092,52866,693,41202,-17430,-22233,-18618,-9033,-14702,-11399,-19291,-9758,2729,10834,-673,-725,-29216,-3095,-25815,8464
DIRCSV,3,11386,-2349,40083,36906,12826,46123,5771,39744,-18238,-23854,-16130,-16469,-12702,-4582,-7329,-4491,5536,19272,8801,11977,-27963,734,-31227,8028
DIRCSV,3,-7716,-1639,35555,19704,12140,32514,5148,29334,-23473,-10609,-14949,-21170,-19758,-12971,-17922,-8292,3716,-2362,-2973,12878,-29058,14213,-22369,-1027
DIRCSV,3,16878,-6104,3503,9470,13926,20492,9430,13287,-15212,-22660,-22530,-12745,-23305,-7770,-12331,-8514,-8093,14890,10199,4231,7163,-6212,-11128,4446
DIRCSV,3,10765,1266,31007,30497,8526,37754,5336,32973,-17290,-22720,-16491,-14525,-9529,-5460,-9131,-6655,7761,17260,7360,7870,-28191,-7949,-27790,1440
DIRCSV,3,-2334,-5111,35075,26738,14430,36998,3923,33921,-16115,-9858,-8740,-9894,-18092,-9057,-18849,-11665,-1976,801,-10108,-1771,-36259,1150,-28127,3722
DIRCSV,3,-3330,-1089,26591,11441,13751,42590,8024,33108,-28014,-16660,-23951,-17433,-19226,-10114,-28701,-7034,8787,6546,-4751,10399,-25405,4516,-11867,663
DIRCSV,3,22865,-1709,1314,12378,10202,17511,9417,12487,-12223,-25672,-21832,-10660,-20558,-9432,-12293,-12183,-8335,16240,9540,-1523,7120,-14431,-10755,3332
DIRCSV,3,-4011,1917,28936,37940,16808,42455,9707,37553,-28435,-14717,-18899,-10282,-17027,-9237,-10494,-10881,11408,5480,8405,-599,-33682,-734,-30679,5345
DIRCSV,3,6897,-2685,36853,32564,-4599,38763,-2928,36954,-19350,-29175,-28941,-28841,-11490,-11733,-15261,-10872,7860,17441,13679,17969,-26027,3929,-31847,3402
DIRCSV,3,15676,-1223,21959,19217,4130,41933,3102,26383,-14533,-27107,-22307,-17882,-9700,-5375,-10474,-3308,4833,21732,11833,14574,-9078,-2795,-16077,4363
DIRCSV,3,8800,7690,10881,8064,16544,25571,14965,20574,-32551,-26385,-27468,-17775,-24256,-16980,-23955,-11444,8295,9405,3513,6331,-12953,-10871,-8171,-7797
TASK=REST,next left,round=2
TASK=LEFT,start_light_grip_or_imagine,skip=8,feature=nn_window
DIRCSV,2,1707,2483,7225,230,15355,21616,9142,9424,-32713,-25279,-24558,-22359,-12508,-5850,-12673,-3479,20205,19429,11885,18880,-15193,-9675,-6873,-9126
DIRCSV,2,17470,-3836,27026,21453,7860,35652,5891,28299,-11888,-23467,-19099,-17826,-16999,-7272,-12673,-5827,-5111,16195,6426,11999,-11674,-2118,-23211,2077
DIRCSV,2,-9726,11,50114,29720,6181,43697,2222,42248,-24890,-12943,-20816,-28682,-16646,-14435,-26509,-13981,8244,-1493,-5693,14701,-38050,21790,-24112,5597
DIRCSV,2,-12392,-372,20993,10661,5057,23463,1025,17606,-28209,-14792,-12064,-15452,-12092,-10695,-12936,-5991,16117,4097,-872,9461,-28146,5239,-11158,-125
DIRCSV,2,-6488,-4138,20584,12317,21667,33317,6040,21949,-26368,-13841,-17496,-16130,-15281,-5103,-14568,-4936,11088,8738,2928,11194,-20223,6849,-12062,4392
DIRCSV,2,-496,6053,44358,25689,-104,38039,542,37972,-12578,-11540,-12839,-19226,-18277,-23788,-28830,-16547,-5698,-12248,-15991,2678,-31985,12870,-21693,-2057
DIRCSV,2,-4047,-1887,38443,36205,15740,54496,6892,43840,-23176,-12237,-15301,-9905,-17871,-9092,-16138,-8503,5306,3145,-837,1402,-38517,3974,-32375,5717
DIRCSV,2,7668,-5172,24052,15905,11319,33583,1347,26498,-18473,-24795,-18889,-16443,-9401,-2883,-18165,-7572,9072,21912,723,8871,-25427,-9044,-17078,3998
DIRCSV,2,-4012,3375,13171,9135,2412,36511,1548,19536,-19404,-13844,-23920,-17555,-8523,-10350,-13874,-3474,10881,3494,10046,14081,-8902,8281,-8067,-2307
DIRCSV,2,269,530,38668,28040,15178,38617,7889,34054,-23860,-16241,-17045,-21660,-14812,-7453,-11771,-5758,9049,8787,5274,15902,-30292,8107,-26517,993
DIRCSV,2,14485,-3494,15018,11257,13896,33143,9279,21282,-15748,-20954,-20190,-13926,-20589,-7816,-16038,-6012,-4841,13138,4152,7913,-3800,-3266,-12793,1958
DIRCSV,2,-1542,-724,4458,21118,15220,33935,9756,22037,-31972,-20674,-26712,-9133,-19665,-9185,-9201,-8282,12308,11490,17511,851,-9315,-3316,-14519,7323
TASK=REST,next right
TASK=RIGHT,start_light_grip_or_imagine,skip=8,feature=nn_window
DIRCSV,3,-5593,-2426,39327,34486,1861,51833,-718,42195,-17313,-12438,-10076,-7208,-16965,-15256,-18808,-11099,348,-2819,-8732,-3891,-43156,1764,-34076,2836
DIRCSV,3,1937,4151,19105,12770,22793,37715,12287,28350,-31243,-20893,-29863,-20618,-12579,-4443,-21639,-6059,18664,16450,8225,14560,-24508,-7340,-14069,-5450
DIRCSV,3,-215,6147,24545,17476,6076,24063,4598,20867,-16910,-12098,-13087,-16765,-11978,-13528,-8731,-5341,4932,-1430,4356,11424,-15998,8762,-15422,-4092
DIRCSV,3,3345,1507,43121,43014,6524,45516,4205,44123,-14125,-13265,-14170,-13167,-13445,-10747,-12214,-11104,681,2519,1956,2063,-33022,6754,-34297,7210
DIRCSV,3,224,-4058,47948,39261,-9525,37973,-3494,42553,-5260,-8978,-5920,-11316,-16020,-15456,-18890,-15597,-10761,-6479,-12969,-4282,-37358,10367,-35149,8170
DIRCSV,3,467,4408,20172,10499,10703,41845,7187,26738,-18976,-12256,-18892,-12326,-17395,-14616,-22314,-6074,1581,-2360,-3422,6252,-13163,6542,-8160,-2069
DIRCSV,3,-9098,-3796,30398,37576,-759,35628,-3678,34794,-17957,-12537,-16157,-11762,-10609,-10491,-12735,-15518,7348,2046,3422,-3756,-40071,-575,-36145,5228
DIRCSV,3,-2546,1351,36640,35657,13994,44896,7995,40238,-22226,-11685,-15535,-11937,-19432,-12788,-15517,-10936,2794,-1103,18,1000,-31448,7737,-28672,5634
DIRCSV,3,-4524,-2697,40156,38597,-1387,41665,-2236,40913,-16492,-14204,-14760,-14004,-20665,-20203,-21723,-19406,-4172,-5999,-6962,-5403,-39065,5616,-36275,5019
DIRCSV,3,-4109,978,1143,14150,16220,39657,9414,29168,-29526,-16002,-40402,-12377,-17429,-8993,-24263,-9245,12097,7009,16139,3132,-2031,3222,-6073,7099
DIRCSV,3,-214,-4997,43029,31689,-1583,42649,-1850,41304,-17771,-19407,-19229,-20953,-21232,-18085,-25906,-16291,-3461,1322,-6677,4662,-33914,9328,-30697,5989
DIRCSV,3,-973,-127,25582,34679,5416,43280,3369,37265,-25097,-20755,-25282,-13600,-15681,-12185,-11392,-8807,9417,8571,13890,4792,-28082,-1527,-32555,2251
TASK=REST,next left,round=3
TASK=LEFT,start_light_grip_or_imagine,skip=8,feature=nn_window
DIRCSV,2,-4351,4524,36434,20546,11065,48059,7627,39519,-30898,-18920,-20692,-17607,-13343,-10240,-26162,-7190,17556,8680,-5470,10418,-37503,3282,-14477,1545
DIRCSV,2,2035,1772,19855,8261,29970,39226,16438,26871,-29267,-14864,-22510,-15494,-20414,-5748,-24542,-5932,8854,9116,-2031,9562,-16801,1019,-5916,574
DIRCSV,2,-202,-4538,42734,32067,8655,38599,3962,38029,-20034,-15870,-14962,-19667,-19080,-10580,-19245,-13283,954,5290,-4283,6384,-32816,10120,-27580,9025
DIRCSV,2,-693,4984,42265,35890,5226,44311,2391,41729,-9089,-6005,-8276,-8812,-22950,-25543,-19112,-13273,-13862,-19538,-10836,-4461,-33200,9758,-36226,-5319
DIRCSV,2,-12405,-9425,26713,17078,17248,35558,5624,25472,-35930,-17900,-15732,-16973,-20699,-5650,-13071,-4677,15231,12251,2661,12296,-37165,1953,-24595,1908
DIRCSV,2,2592,3032,27713,33118,23259,41920,12392,34516,-20244,-10444,-14052,-7249,-18289,-8929,-14639,-13241,1956,1516,-586,-5992,-28209,-3088,-25666,4420
DIRCSV,2,-284,662,41960,21257,13525,37695,6766,32795,-21040,-13989,-16118,-25284,-14698,-8594,-17834,-6296,6341,5395,-1716,18988,-27840,14405,-19783,812
DIRCSV,2,3635,-4656,22197,9660,6940,29188,3748,22078,-10708,-10595,-16356,-16474,-22031,-13626,-19756,-7338,-11322,-3031,-3400,9137,-7260,11302,-15182,-866
DIRCSV,2,5309,-3289,18825,13786,5191,43299,3101,28498,-22057,-24266,-19779,-10106,-17426,-11036,-22389,-7676,4631,13230,-2610,2430,-25458,-11942,-18217,-1142
DIRCSV,2,8029,-713,40866,33119,733,44678,1691,39489,-14072,-20410,-15569,-16945,-14785,-12382,-13186,-6816,-713,8028,2382,10129,-29029,3808,-32124,1708
DIRCSV,2,2465,1161,8391,13657,-3367,34283,-1650,20199,-21399,-25513,-22417,-10609,-12363,-15173,-13500,-6958,9036,10340,8916,3651,-12892,-6966,-12772,-277
DIRCSV,2,6197,-6508,30500,32966,14902,43950,6288,36034,-22828,-22737,-15502,-9968,-18131,-5335,-11959,-8891,4697,17402,3544,1077,-32229,-7926,-31075,8399
TASK=REST,next right
TASK=RIGHT,start_light_grip_or_imagine,skip=8,feature=nn_window
DIRCSV,3,-8964,-4070,29801,25453,7395,31728,-661,29786,-20411,-12108,-18850,-18865,-11194,-7784,-15675,-11342,9218,4323,3175,7523,-30696,8069,-24653,4869
DIRCSV,3,8184,-1352,33425,23145,17324,38679,11316,33300,-17674,-14543,-20534,-20659,-22647,-9979,-17877,-7722,-4973,4564,2657,12937,-18623,6618,-26252,-1755
DIRCSV,3,9726,-8241,26887,15247,28659,51193,11990,34833,-25763,-23499,-22832,-14886,-23123,-2892,-24424,-4839,2640,20606,-1593,10047,-24172,-7010,-19939,3549
DIRCSV,3,-864,3807,22008,12877,20661,33677,10940,25722,-22127,-10324,-17201,-13486,-16894,-9761,-21457,-8612,5233,562,-4256,4874,-20670,2202,-11181,-2110
DIRCSV,3,-2730,-4093,26377,29192,1706,29868,-1084,28870,-22251,-20604,-15536,-13043,-11006,-7997,-14415,-14736,11245,12608,1121,-1693,-33755,-4647,-23631,9654
DIRCSV,3,256,-3033,41568,26178,941,21075,-190,27276,-12647,-13093,-9369,-23661,-15882,-13039,-11971,-10873,-3235,54,-2602,12788,-25529,15783,-26162,3049
DIRCSV,3,8906,-1964,20634,10686,12880,44983,10208,31068,-29857,-28555,-25734,-15300,-24945,-12773,-25963,-5581,4912,15782,-229,9719,-19211,-7484,-14070,-1420
DIRCSV,3,1745,-3373,21155,13194,17145,43258,10353,31063,-22388,-13781,-25163,-15255,-24559,-10833,-24076,-6207,-2171,2948,1088,9048,-13823,5586,-17081,-514
DIRCSV,3,-2895,737,37755,32086,16776,43816,6498,35998,-22835,-13443,-16539,-18296,-12239,-6479,-7770,-3858,10596,6964,8769,14437,-29503,11146,-27676,3673
DIRCSV,3,4519,-5688,32897,19903,8818,41120,4653,34146,-17429,-17295,-16481,-15232,-20448,-10107,-22645,-8402,-3020,7188,-6164,6830,-27684,694,-24540,1052
DIRCSV,3,-8848,-1833,37423,37292,5489,41194,2390,39353,-39669,-28431,-31580,-29650,-12712,-8489,-9604,-7543,26956,19942,21976,22107,-39652,6619,-34671,4455
DIRCSV,3,3075,69,39740,41951,1206,49210,995,44925,-19188,-21268,-18031,-12845,-9546,-8620,-13560,-10586,9642,12647,4471,2259,-35152,1513,-29981,11902
TASK=REST,next left,round=4
TASK=LEFT,start_light_grip_or_imagine,skip=8,feature=nn_window
DIRCSV,2,-4209,-6971,34631,30141,-5126,43065,-5401,39208,-18598,-19789,-20555,-15977,-15861,-14290,-21717,-12650,2737,5499,-1163,3327,-36420,2419,-32521,4592
DIRCSV,2,12986,3101,11600,2261,21863,29388,10697,20611,-24590,-26878,-26060,-17048,-10513,-2917,-26031,-7681,14077,23961,29,9367,-12283,-13669,1764,925
DIRCSV,2,546,-4606,39411,38157,-1316,39717,-2405,39175,-15152,-18103,-13061,-13296,-9388,-7186,-12730,-11712,5764,10917,330,1584,-33984,4881,-28549,14214
DIRCSV,2,-3469,433,32608,11856,16162,29901,6552,22870,-25982,-15961,-11407,-21145,-11931,-5811,-15333,-4319,14051,10150,-3926,16826,-30272,5806,-12295,-871
DIRCSV,2,3170,5794,41017,26346,5133,42980,4814,38966,-15218,-13575,-13587,-15638,-14550,-15530,-22785,-10165,668,-1956,-9198,5473,-30237,7610,-20371,182
DIRCSV,2,-1900,1846,30050,14975,15419,35583,6029,26527,-18846,-10917,-16070,-19593,-12213,-8029,-16429,-4877,6634,2888,-359,14716,-19700,12251,-12707,423
DIRCSV,2,-1091,-13308,31004,21901,10118,23380,-487,25370,-13905,-13301,-8553,-14188,-19244,-6424,-12345,-8877,-5340,6877,-3792,5311,-22682,9413,-24231,10978
DIRCSV,2,7110,1449,32607,24265,23869,24731,12474,26906,-16379,-11015,-9678,-15379,-18821,-7796,-14153,-11512,-2442,3218,-4475,3867,-22172,3325,-20140,2676
DIRCSV,2,-4260,-2136,36842,42505,-507,42715,-968,42090,-27547,-24255,-25507,-20258,-22778,-21609,-23156,-23571,4770,2645,2351,-3312,-36234,4868,-33815,10826
DIRCSV,2,2630,3448,30974,15915,35830,33771,14846,28318,-22386,-10170,-13552,-16208,-17371,-5973,-20453,-8050,5015,4197,-6901,8158,-22746,5598,-10830,1637
DIRCSV,2,-3508,-10401,36112,19517,16041,41287,6533,34183,-30345,-20303,-15544,-17473,-23112,-6178,-21715,-7049,7233,14126,-6171,10424,-38880,740,-25477,4442
DIRCSV,2,-4527,2197,35650,36295,2408,46084,1515,43094,-24221,-18179,-25008,-17563,-15211,-15893,-21291,-14492,9010,2287,3717,3071,-31675,8501,-26381,7717
TASK=REST,next right
TASK=RIGHT,start_light_grip_or_imagine,skip=8,feature=nn_window
DIRCSV,3,-517,-560,45170,43975,-2561,43762,-709,44149,-18167,-18359,-18125,-19145,-2661,-2811,-2426,-2252,15505,15548,15699,16893,-36077,9609,-36271,8264
DIRCSV,3,-1576,-723,47836,41674,3508,40876,84,42485,-15779,-14120,-15163,-20514,-6622,-5815,-6875,-6064,9157,8305,8288,14450,-34802,14610,-33933,8464
DIRCSV,3,-4830,-2225,19486,13813,9555,23970,3255,18453,-26474,-18389,-17118,-18151,-12408,-6928,-10217,-5577,14066,11461,6901,12574,-23430,886,-16264,-227
DIRCSV,3,-5978,17,36369,26775,7261,57324,1559,37409,-19636,-12099,-12731,-11691,-10251,-8709,-15410,-4775,9385,3390,-2678,6916,-38041,4306,-25978,780
DIRCSV,3,-1063,-1492,44058,33353,4086,40905,1326,40707,-14566,-12177,-8448,-11799,-15348,-12530,-21139,-13785,-783,-353,-12691,-1986,-37961,7159,-26053,8792
DIRCSV,3,11334,1075,21072,15053,18573,35664,9903,21793,-20134,-21565,-9918,-9198,-13455,-4627,-13492,-6752,6679,16938,-3574,2446,-22958,-13220,-12705,1273
DIRCSV,3,96,3150,35658,26762,-1678,32866,951,30658,-20631,-19775,-10422,-15422,-5982,-8181,-9267,-5370,14648,11594,1155,10052,-36394,-831,-22901,711
DIRCSV,3,-705,434,19539,22430,2000,31274,1012,26789,-18688,-16971,-23529,-16278,-11084,-10507,-13914,-9555,7604,6465,9615,6723,-17787,2457,-19797,2199
DIRCSV,3,3939,2996,42299,45612,-1687,38683,2422,43246,-10488,-12005,-11039,-10092,-6974,-7548,-6317,-8683,3514,4457,4722,1409,-33481,4879,-34688,7927
DIRCSV,3,-5034,3432,35142,34181,-371,48733,-256,40817,-19006,-14227,-20449,-14774,-11488,-15176,-13726,-7090,7518,-949,6723,7684,-30957,9220,-30161,587
DIRCSV,3,-660,11907,40930,12672,14661,36053,11041,28330,-23376,-11674,-20924,-33524,-13069,-13935,-20441,-4782,10307,-2261,483,28741,-19612,21979,-9788,-9023
DIRCSV,3,-410,-1634,46130,41301,6419,44221,1596,42964,-19206,-17200,-18098,-21264,-9549,-6319,-7364,-5701,9657,10881,10734,15563,-34802,11738,-35879,7056
TASK=REST,next left,round=5
TASK=LEFT,start_light_grip_or_imagine,skip=8,feature=nn_window
DIRCSV,2,-3839,-1558,43308,45851,12648,41269,209,44757,-22897,-18849,-21788,-20340,-4294,-2527,-2954,-4048,18603,16322,18835,16292,-36084,11063,-36315,11094
DIRCSV,2,-2528,-2467,45305,43964,6222,43742,-828,44289,-14193,-12494,-12371,-13387,-7027,-5388,-6669,-6344,7167,7105,5702,7043,-38808,9026,-37343,9088
DIRCSV,2,-1420,-2441,38849,42747,8910,46716,-1148,42151,-14394,-14122,-17193,-13890,-4811,-3518,-2913,-3508,9583,10604,14280,10382,-31917,8351,-36615,8573
DIRCSV,2,-837,982,29831,19306,8922,44106,3767,31881,-19029,-14425,-16821,-14771,-10412,-7628,-18012,-5437,8616,6797,-1191,9334,-27517,3151,-17710,614
DIRCSV,2,-1692,698,36678,40832,9587,38879,2016,40168,-25927,-22219,-24899,-21409,-3839,-2521,-2273,-2937,22088,19698,22626,18471,-34975,3395,-35513,4622
DIRCSV,2,-3908,-4105,16194,9918,11942,27552,3747,16188,-20501,-12846,-15014,-15019,-16418,-8565,-10779,-4509,4084,4280,4234,10510,-16206,3895,-16357,-2334
DIRCSV,2,-1115,-2060,40192,35481,2805,32653,-1190,36533,-11759,-11834,-10534,-14193,-6026,-5156,-5874,-4822,5733,6678,4660,9371,-35672,5636,-34598,2943
DIRCSV,2,4162,897,29449,13853,7762,48021,6281,39572,-19652,-17533,-26016,-15894,-23000,-17617,-34593,-8874,-3349,-84,-8577,7020,-19946,5342,-14718,-1762
DIRCSV,2,1114,1895,45776,42074,-2125,38849,669,41490,-13330,-13775,-14622,-18908,-6616,-7842,-8633,-9218,6714,5933,5988,9691,-35112,9550,-34386,5792
DIRCSV,2,3680,4541,17045,18994,22577,35219,13652,26242,-21722,-11749,-21056,-11858,-18453,-9342,-15937,-8689,3268,2407,5119,3170,-18965,-5601,-20817,-6364
DIRCSV,2,1939,-7517,28357,22794,-3790,34116,-3898,29868,-14432,-20269,-10806,-9295,-13782,-10164,-20713,-13639,649,10105,-9907,-4343,-33102,-6684,-22545,7765
DIRCSV,2,717,1065,41104,42130,-679,45042,458,42392,-12177,-12437,-10738,-9451,-8428,-9035,-8917,-8655,3749,3401,1822,796,-36010,4377,-34083,6982
TASK=REST,next right
TASK=RIGHT,start_light_grip_or_imagine,skip=8,feature=nn_window
DIRCSV,3,11731,7401,35634,26149,12910,39958,11551,35385,-23114,-23294,-16770,-17019,-17083,-12933,-18280,-9045,6031,10360,-1510,7975,-29331,-5427,-21790,-3042
DIRCSV,3,127,3434,10042,9693,8503,43003,5810,22069,-25060,-19378,-25776,-13749,-11834,-9458,-16581,-4205,13227,9920,9195,9544,-19052,-9137,-15021,-8762
DIRCSV,3,-4234,-5545,47314,28196,15132,47613,5581,39387,-23664,-13849,-14114,-22041,-18911,-7786,-15486,-4295,4753,6063,-1372,17746,-37776,13772,-31652,2089
DIRCSV,3,-1606,347,38576,41911,4075,40500,776,41329,-25116,-22734,-24551,-21797,-3178,-2749,-2970,-3552,21938,19985,21581,18245,-36138,4044,-35781,5783
DIRCSV,3,-5605,-1723,29252,9811,10857,44249,3339,33157,-21982,-13038,-23880,-19975,-13452,-8390,-28734,-5389,8530,4648,-4854,14586,-21624,13233,-8240,3295
DIRCSV,3,-8317,-178,39565,37171,10540,35324,2471,36728,-21411,-10624,-14464,-17301,-11905,-9257,-12241,-12684,9506,1368,2223,4617,-39495,8387,-32212,5137
DIRCSV,3,-847,-6048,33105,29688,5615,48202,1739,40905,-20729,-18142,-27140,-19340,-18172,-10385,-18541,-7324,2557,7757,8599,12016,-22182,11770,-28225,7511
DIRCSV,3,328,9400,25748,10207,11880,17732,6133,17607,-11497,-5691,-11157,-19298,-11668,-14934,-17589,-10189,-171,-9243,-6432,9109,-13749,11671,-7488,-6680
DIRCSV,3,5680,-528,37469,41806,11077,44252,3580,41789,-22582,-24682,-27425,-23106,-7438,-3331,-2455,-2472,15143,21352,24971,20634,-28418,3370,-38246,4088
DIRCSV,3,-9827,1893,19620,9469,18366,33878,8153,22072,-29284,-11304,-15250,-12799,-15021,-8760,-18997,-6394,14264,2544,-3747,6405,-28963,484,-10953,-3376
DIRCSV,3,-242,3425,12118,10532,10785,34553,7462,22213,-27346,-19642,-21165,-11070,-14175,-10138,-19567,-7885,13171,9503,1598,3184,-17579,-5219,-6007,1100
DIRCSV,3,7024,-698,13117,10514,15659,35603,6787,21309,-18078,-18315,-20252,-12061,-12338,-4854,-17023,-6228,5740,13462,3229,5833,-12461,-6368,-9950,1261
TASK=REST,next left,round=6
TASK=LEFT,start_light_grip_or_imagine,skip=8,feature=nn_window
DIRCSV,2,-4066,-4037,15553,9939,446,27238,-1997,19693,-17983,-15915,-13461,-9321,-11322,-9282,-21336,-11581,6661,6632,-7875,-2261,-23688,-4069,-9152,4823
DIRCSV,2,16714,580,17859,11499,14059,31984,9546,19256,-15235,-22402,-13455,-12058,-15234,-6267,-13440,-5683,1,16135,15,6374,-11460,-10314,-11474,-554
DIRCSV,2,-7139,-2532,45587,43124,3875,48595,-581,45313,-21230,-14673,-17211,-17486,-10281,-8330,-8044,-5856,10950,6343,9167,11630,-39252,13474,-37469,8187
DIRCSV,2,4010,-749,37863,44413,4516,46415,1356,43486,-22060,-24714,-18822,-13198,-6388,-4283,-4999,-5926,15672,20432,13823,7273,-37483,-3630,-35634,9529
DIRCSV,2,2429,-931,19738,13867,14606,31237,9334,24001,-19143,-12238,-18079,-13816,-23852,-13587,-18887,-8753,-4709,-1349,-808,5063,-14475,2835,-18376,-3578
DIRCSV,2,3624,-8310,23046,15962,19107,34693,5980,28826,-21010,-18654,-20268,-14488,-18584,-4293,-23846,-10982,2426,14361,-3578,3506,-22578,-3157,-16574,7698
DIRCSV,2,-13777,5490,25704,14542,-148,26297,-867,23245,-22891,-9980,-10933,-13392,-6715,-13072,-18956,-10254,16176,-3092,-8023,3139,-32618,6863,-8420,633
DIRCSV,2,-4947,-2247,38248,42421,2104,46021,-1720,41831,-18453,-15225,-14618,-11035,-5842,-5314,-5586,-6176,12611,9912,9032,4859,-39246,3949,-35667,9001
DIRCSV,2,904,-447,44394,46261,-2513,43090,-452,45293,-14451,-15807,-15249,-14350,-4590,-4595,-4624,-5591,9861,11212,10626,8758,-35214,8275,-35978,10729
DIRCSV,2,-1686,2367,43100,38654,-4146,39652,-1076,39916,-14396,-13786,-16664,-19848,-8113,-11556,-12835,-11573,6284,2231,3829,8274,-34367,10420,-31912,4376
DIRCSV,2,16492,-3281,13735,9767,903,25667,1963,17979,-11779,-26308,-19518,-15274,-12929,-7686,-15472,-7260,-1150,18622,4046,8014,-10328,-13084,-15524,-2477
DIRCSV,2,2067,-969,47849,44900,-2690,47345,-909,46080,-15307,-18283,-17163,-18932,-6655,-6595,-6563,-5383,8652,11688,10600,13549,-33325,12457,-35273,10595
TASK=REST,next right
TASK=RIGHT,start_light_grip_or_imagine,skip=8,feature=nn_window
DIRCSV,3,-2287,-1954,38007,36650,9976,47259,3813,42077,-18491,-12390,-16300,-12229,-15804,-10037,-16017,-10590,2687,2354,283,1640,-32423,7871,-30019,8585
DIRCSV,3,-2996,-3140,37140,28444,6094,41917,1065,35542,-15166,-11105,-10001,-11600,-15311,-11105,-14519,-7421,-145,0,-4518,4178,-35490,4646,-31117,467
DIRCSV,3,-1750,-4026,41589,40935,-11085,39644,-4910,40778,-14683,-17844,-16817,-17628,-4560,-5445,-4883,-5040,10123,12398,11934,12588,-36823,6517,-38634,6328
DIRCSV,3,-75,-2076,45354,45124,1218,46937,-731,45570,-14717,-15373,-14058,-13842,-7544,-6199,-6438,-5992,7173,9174,7620,7850,-36529,8901,-36975,10224
DIRCSV,3,-1269,-2509,39889,44677,6480,41758,-540,42856,-15640,-14911,-13428,-10460,-6339,-4371,-4734,-6554,9301,10541,8694,3906,-37053,4105,-36446,10740
DIRCSV,3,-5244,1124,25022,12575,-8005,16332,-4327,16513,-22935,-22018,-13435,-21943,-7478,-12929,-12279,-8342,15457,9089,1155,13602,-28763,1503,-14461,-3009
DIRCSV,3,-2711,-1396,41352,45060,-4339,42377,-1890,44054,-16522,-15701,-16505,-13803,-3024,-3518,-2956,-3962,13498,12183,13549,9841,-35959,8104,-36010,10446
DIRCSV,3,-3694,-1093,44404,44497,-1880,43368,-1960,43917,-16911,-15177,-15278,-15765,-9734,-10602,-12022,-12601,7177,4576,3255,3163,-40024,8075,-36102,9487
DIRCSV,3,3557,-7097,43369,37150,12198,50575,5944,42636,-17493,-15106,-14235,-14968,-22341,-9300,-10830,-5344,-4849,5806,3405,9624,-26592,13219,-34846,9401
DIRCSV,3,4570,2908,21366,10548,15455,28206,8306,19385,-17588,-13852,-9786,-11766,-12690,-7292,-15323,-6487,4898,6560,-5538,5280,-21424,-4629,-10988,-3348
DIRCSV,3,4003,1075,45815,40572,-1440,46794,698,43307,-13834,-17139,-16160,-18668,-9357,-9734,-7772,-5037,4477,7405,8389,13631,-32902,8909,-36814,2683
DIRCSV,3,-2072,1010,43278,44868,2601,47414,443,44987,-12733,-10217,-12244,-10535,-8447,-9014,-8481,-8362,4285,1203,3764,2173,-36389,8961,-35867,7991
TASK=REST,next left,round=7
