TASK=RIGHT,start_light_grip_or_imagine,skip=8,feature=nn_window
DIRCSV,3,10956,4188,16124,14043,21333,31230,16570,28261,-28738,-23124,-35467,-23330,-21951,-9569,-29321,-15102,6787,13555,6147,8227,6818,11986,7459,17314
DIRCSV,3,22233,17367,37414,8039,29941,21812,24336,21552,-16010,-13907,-9822,-25685,-15821,-8851,-22193,-8680,189,5056,-12370,17005,479,15660,13039,3711
DIRCSV,3,24713,20268,12409,8002,19649,32515,20785,19254,-15394,-19323,-21017,-14172,-9978,-9462,-16803,-5551,5416,9861,4214,8621,8184,-4120,9386,-2880
DIRCSV,3,14313,12790,18111,3024,20217,41849,17789,28189,-25144,-21668,-26264,-16186,-16586,-11587,-30663,-5498,8558,10081,-4398,10688,-1420,2377,11536,1770
DIRCSV,3,19631,18385,13772,4981,15906,22876,17087,18518,-18522,-21066,-24181,-19435,-12542,-13840,-24888,-11351,5980,7226,-707,8083,7233,1374,13920,517
DIRCSV,3,14306,12145,6225,1964,10350,16244,11595,9063,-15717,-18427,-15474,-12635,-12054,-12604,-15341,-8242,3663,5824,132,4393,7654,-427,11184,1003
DIRCSV,3,17901,14992,14518,7514,24278,24988,17805,15513,-16030,-16126,-13466,-12471,-7396,-4583,-14622,-6623,8634,11543,-1157,5847,1537,-1846,11328,3849
DIRCSV,3,13498,15358,5570,3675,17927,24483,16641,12686,-23184,-20040,-19337,-12221,-12691,-11408,-15833,-6821,10492,8632,3504,5400,4900,-3028,11887,204
DIRCSV,3,18211,14515,23232,8034,17610,29951,16859,21935,-22902,-24254,-22569,-23865,-14640,-12295,-19521,-5620,8262,11959,3048,18246,7801,12822,13016,6535
DIRCSV,3,20265,13871,17991,3491,25836,20334,21073,13837,-14141,-13334,-15611,-19765,-16832,-9630,-16303,-5958,-2691,3703,-692,13808,10938,8664,8940,-1441
DIRCSV,3,12438,20570,13649,12508,26013,38206,22089,22027,-22042,-12391,-17817,-9439,-14957,-13439,-16798,-7279,7085,-1048,1020,2161,2067,3278,8132,69
DIRCSV,3,24887,28530,36569,16704,16224,41347,21438,30931,-14411,-17860,-17526,-23165,-9668,-16760,-18286,-4059,4743,1100,-759,19106,7741,19423,13243,1418
TASK=REST,next left,round=2
TASK=LEFT,start_light_grip_or_imagine,skip=8,feature=nn_window
DIRCSV,2,17155,9938,11802,8317,14164,20511,13781,17419,-18350,-21724,-21960,-16344,-18793,-14950,-24406,-15304,-444,6773,-2445,1040,-843,-6195,1159,-462
DIRCSV,2,8466,8683,6458,864,13746,23781,11084,16815,-15062,-12445,-27807,-17451,-14748,-12348,-25157,-9207,314,96,2649,8244,4388,2381,2053,-5767
DIRCSV,2,9373,14217,17025,4874,16955,29927,14900,22981,-22093,-16566,-24278,-18322,-11113,-10431,-26806,-8700,10979,6135,-2528,9623,-8405,-752,5103,-4240
DIRCSV,2,15068,10877,7657,11349,16366,22039,14250,17586,-18287,-19105,-22312,-12383,-12315,-8943,-21814,-15577,5972,10162,498,-3194,-664,-8075,4810,5281
DIRCSV,2,16698,3786,19015,7002,15495,20634,13156,18003,-26072,-29614,-27634,-28645,-21022,-11652,-23063,-12062,5050,17962,4570,16583,-977,1340,-497,2719
DIRCSV,2,3329,19602,7881,6960,10873,30681,13084,21137,-26507,-16753,-31890,-18633,-7398,-13917,-20628,-6451,19109,2836,11261,12182,-4978,-427,2869,-9773
DIRCSV,2,21434,7951,-2838,4651,11108,32805,11439,22856,-17683,-27677,-36047,-10353,-15693,-12205,-30133,-11928,1990,15473,5914,-1575,11575,-12697,7651,4351
DIRCSV,2,8901,11170,24339,14022,6700,21967,9042,20338,-19767,-19625,-17681,-21682,-6863,-8990,-17399,-11083,12904,10634,282,10599,-8689,6749,3933,6784
DIRCSV,2,8545,11231,19049,2116,13521,18122,12679,16336,-24642,-20508,-21345,-24059,-20534,-19087,-29550,-15330,4107,1421,-8204,8728,-3083,7421,9229,114
DIRCSV,2,10489,7153,15315,6327,10854,16483,9727,14083,-14524,-15286,-20909,-22140,-13988,-11414,-19290,-11534,536,3872,1619,10607,-243,4582,-1327,-2152
DIRCSV,2,15904,7225,19124,-598,5318,23291,8167,18261,-12264,-20001,-24649,-25513,-11259,-10318,-27876,-9016,1005,9683,-3227,16496,1554,4775,5786,-2038
DIRCSV,2,10394,13336,5821,16277,11922,20428,12368,17392,-15219,-13245,-29279,-17707,-5034,-6001,-10635,-9519,10185,7244,18644,8188,11621,7048,3162,6104
TASK=REST,next right
TASK=RIGHT,start_light_grip_or_imagine,skip=8,feature=nn_window
DIRCSV,3,10456,10430,8142,-263,10784,18705,10673,13319,-22476,-22259,-24162,-18984,-15460,-15217,-23391,-9809,7016,7042,771,9176,121,-2193,6366,-4327
DIRCSV,3,7646,7010,17148,13498,4323,16324,6233,15483,-13084,-14497,-20209,-21874,-8825,-9602,-12013,-10029,4260,4895,8195,11845,569,10071,-3366,3122
DIRCSV,3,14942,1431,4826,6528,12414,17248,9982,13858,-17215,-22175,-23054,-14022,-18471,-9920,-24990,-17659,-1256,12255,-1935,-3638,256,-9860,936,6032
DIRCSV,3,10706,3694,11668,-5668,2261,23562,3448,20131,-18635,-25892,-33449,-24986,-17373,-17618,-39802,-14003,1262,8274,-6353,10983,1209,2171,8824,-537
DIRCSV,3,6252,17363,6911,7942,9042,24366,10646,12431,-20048,-15654,-16588,-11067,-10813,-17530,-10920,-6431,9234,-1876,5667,4636,-1776,-1117,1791,-7630
DIRCSV,3,10831,4197,-970,-4358,14388,16353,10372,10176,-14581,-15039,-25106,-13960,-15008,-8833,-26771,-12238,-427,6207,-1665,1723,6055,-5746,7293,-1262
DIRCSV,3,17589,12402,4254,9623,10109,16667,12681,11671,-12834,-17742,-18501,-11084,-9303,-9024,-13644,-11597,3531,8717,4857,-513,2719,-10616,1393,-1386
DIRCSV,3,10930,5513,12233,3278,10999,33366,9797,23993,-18940,-20072,-27395,-15635,-17525,-13241,-28784,-8069,1414,6831,-1389,7566,-1125,178,1678,-556
DIRCSV,3,19021,10415,16196,4788,10332,26542,11591,23251,-16038,-23468,-28602,-21547,-17210,-16035,-33071,-14608,-1173,7433,-4469,6939,-1523,-4349,1773,-3855
DIRCSV,3,-795,-3825,13359,5344,11037,24463,5284,18967,-26428,-20349,-26758,-21151,-17134,-8025,-22754,-9131,9294,12325,4004,12020,-9049,5105,-3759,5410
DIRCSV,3,8932,2751,16831,-1215,-2841,30454,1577,21740,-15190,-22545,-21667,-16758,-7336,-8510,-30680,-7725,7854,14035,-9013,9033,-6758,1141,10109,6143
DIRCSV,3,13694,-3207,15216,3229,-2933,26779,417,23498,-10187,-23464,-31746,-23464,-12584,-8960,-34684,-14415,-2397,14504,-2937,9050,2416,3938,2956,9392
TASK=REST,next left,round=3
TASK=LEFT,start_light_grip_or_imagine,skip=8,feature=nn_window
DIRCSV,2,15709,11479,18591,3976,21449,18054,17203,14002,-17498,-16005,-9641,-14230,-14672,-8949,-17820,-7794,2826,7056,-8179,6436,-5893,-3011,5112,-2391
DIRCSV,2,5769,7258,24385,3224,7542,26892,7089,21211,-16182,-14862,-17626,-20800,-12902,-13071,-26024,-8037,3280,1791,-8398,12763,-14571,4045,-2893,-6927
DIRCSV,2,9746,2956,8897,997,9790,30778,8163,23594,-22532,-24115,-31599,-16903,-17166,-11959,-32610,-10014,5366,12156,-1011,6889,-3663,-4512,2713,754
DIRCSV,2,3263,9048,15746,11176,5734,39952,6194,31138,-25330,-22399,-28175,-12782,-14348,-17202,-30408,-10446,10982,5198,-2234,2336,-12312,171,904,3032
DIRCSV,2,17745,1797,11553,2826,12533,17059,11084,13625,-15963,-22624,-20726,-18653,-20898,-11611,-22957,-12158,-4935,11013,-2231,6495,-659,-6851,-3362,-2333
DIRCSV,2,-7424,-7225,28052,6304,5709,21805,1071,19764,-28235,-19740,-23805,-32093,-18198,-9902,-26229,-12770,10037,9838,-2424,19324,-14548,20928,-2087,11442
DIRCSV,2,12434,-3180,11298,-1046,6649,18031,7101,13964,-8504,-13837,-16710,-14044,-24555,-14275,-28828,-13818,-16051,-438,-12118,226,179,-956,-3754,-1620
DIRCSV,2,22665,7916,12461,3029,16288,15117,15438,12798,-11112,-18339,-20463,-20127,-16807,-9285,-23604,-13835,-5695,9054,-3141,6292,4546,-5658,1991,-2896
DIRCSV,2,19076,-412,-1213,1086,5436,24953,5350,15016,-15096,-28822,-26526,-10297,-15238,-9476,-25046,-11116,-142,19346,1480,-819,4296,-15992,2674,4173
DIRCSV,2,-3296,4119,15129,3317,11621,26516,7985,20039,-26572,-15291,-29593,-24683,-17360,-13494,-24383,-7661,9212,1798,5210,17022,-6896,11529,-2893,-3695
DIRCSV,2,20298,6311,23329,8448,11944,19353,12475,17354,-8747,-16570,-14817,-20793,-14114,-7950,-18987,-10082,-5366,8621,-4170,10711,3810,6841,2614,4751
DIRCSV,2,4507,6076,29129,-4937,4102,28231,4678,22911,-13692,-13521,-24428,-30646,-13616,-15014,-36225,-8378,76,-1493,-11797,22269,-7527,17096,4347,-6666
TASK=REST,next right
TASK=RIGHT,start_light_grip_or_imagine,skip=8,feature=nn_window
DIRCSV,3,12200,2899,11744,2504,5632,39830,5573,28880,-28340,-34968,-36633,-19498,-22193,-19518,-32449,-6074,6148,15450,4184,13424,-3308,-3764,-1344,-1739
DIRCSV,3,13511,9135,10774,7281,7787,22648,8668,18569,-18287,-23130,-25591,-17797,-21716,-22183,-24111,-12824,-3429,947,1480,4973,2460,-277,-2449,-4303
DIRCSV,3,15909,-4183,19542,9707,16282,18185,11629,17209,-16847,-21127,-20024,-22357,-24436,-8623,-24121,-16619,-7589,12503,-4097,5738,-1350,2284,-4841,9049
DIRCSV,3,1835,13495,34110,13988,9908,24684,9443,23988,-19864,-12255,-18998,-29120,-8982,-13035,-24612,-14611,10881,-779,-5613,14509,-14119,18156,2376,2868
DIRCSV,3,19380,7137,15519,1041,8861,24047,9788,13782,-14713,-24304,-17407,-19144,-11275,-8624,-17535,-4794,3438,15680,-127,14350,-1895,-5756,1670,-4426
DIRCSV,3,16749,926,13884,1111,14575,21401,10886,17375,-16255,-22119,-21512,-18022,-17944,-7984,-28947,-12684,-1688,14135,-7436,5338,-5909,-8773,-161,24
DIRCSV,3,5783,11710,20435,3356,7691,30696,8096,24944,-22579,-20266,-21506,-16996,-16806,-20420,-32306,-10718,5773,-154,-10801,6278,-12036,2616,4537,-3816
DIRCSV,3,18384,8871,11173,4311,9702,20568,11071,11867,-13039,-20352,-12911,-12217,-10732,-8532,-14489,-6933,2306,11819,-1578,5284,-7045,-14256,-3162,-7721
DIRCSV,3,20950,4328,15352,-2369,2563,19286,4169,13068,-21470,-38250,-20528,-22812,-11726,-11885,-22662,-7226,9744,26365,-2135,15586,-11086,-16684,793,-5904
DIRCSV,3,1697,4483,6220,11492,13201,16940,9485,14987,-24732,-16944,-25182,-16414,-16472,-11469,-24777,-21282,8260,5474,405,-4868,-8412,-3889,-557,6453
DIRCSV,3,6619,3912,20848,3962,12268,15829,6950,10974,-17861,-17530,-11005,-20879,-8207,-5170,-11020,-4007,9654,12360,-14,16872,-9552,4677,116,165
DIRCSV,3,3534,1481,9650,4815,8223,19862,5660,15156,-18458,-16332,-21062,-15556,-15830,-11651,-22090,-11748,2628,4682,-1027,3808,-1588,4528,2067,5402
TASK=REST,next left,round=4
TASK=LEFT,start_light_grip_or_imagine,skip=8,feature=nn_window
DIRCSV,2,22419,11594,21211,6929,17951,16515,16271,14692,-18935,-25083,-15976,-22495,-13205,-8528,-17632,-9869,5730,16555,-1656,12626,-4680,-5888,2706,-1958
DIRCSV,2,16056,15306,10383,14335,6158,24010,9396,22459,-23984,-30644,-42379,-30303,-10047,-15957,-25625,-17501,13937,14687,16754,12802,2530,-3143,-287,-1258
DIRCSV,2,26809,10485,16584,16054,5323,24975,7229,23516,-20905,-40485,-30297,-23365,-18353,-21609,-27349,-19886,2551,18876,2948,3478,-5057,-15282,-5454,116
DIRCSV,2,14766,15147,15377,13998,2117,31109,8571,25040,-18926,-25122,-27578,-17916,-6843,-13419,-20354,-9312,12084,11703,7224,8603,-4654,-4043,205,-943
DIRCSV,2,14203,10162,15048,200,18177,25871,15099,19373,-17142,-16246,-22511,-18186,-15059,-10122,-28301,-9129,2083,6125,-5791,9057,-3289,-2443,4585,-5376
DIRCSV,2,10871,9820,12482,10695,14522,19050,12924,16127,-18558,-16505,-16046,-12401,-17500,-14396,-21449,-16017,1059,2109,-5403,-3616,-4000,-2388,2462,3336
DIRCSV,2,4127,3960,22571,10586,21921,16612,15454,16102,-21810,-10483,-13280,-19750,-26562,-15068,-15740,-10225,-4752,-4585,-2460,9525,-7994,10450,-10286,-3659
DIRCSV,2,10253,10378,18377,13500,937,20225,6507,17835,-11467,-15213,-12287,-12829,-9575,-13447,-15161,-10826,1891,1766,-2874,2003,-7621,503,-2856,266
DIRCSV,2,7762,13257,16681,12430,7885,22153,9474,19051,-18646,-16934,-22267,-19897,-10269,-14053,-17518,-10897,8377,2881,4749,9001,-5521,3399,-1893,-2720
DIRCSV,2,7928,2349,23269,5958,1972,34818,2588,31685,-21003,-26344,-33406,-24991,-20404,-20165,-40633,-14905,599,6179,-7226,10085,-7681,7660,144,3753
DIRCSV,2,4508,14537,32211,13563,10621,23177,11139,21599,-18467,-11837,-13135,-23746,-5689,-9087,-15857,-7821,12778,2750,-2722,15926,-14740,12962,761,-213
DIRCSV,2,18629,10895,14614,1090,-1940,30503,4470,23430,-14740,-28899,-35359,-26543,-9718,-16144,-29760,-7420,5022,12755,5600,19123,1105,-2910,527,-9278
TASK=REST,next right
TASK=RIGHT,start_light_grip_or_imagine,skip=8,feature=nn_window
DIRCSV,3,6776,8256,13047,4941,10199,21569,8677,12376,-14535,-12634,-16391,-17062,-11341,-10920,-12322,-4887,3194,1713,4069,12175,-2448,3824,-3323,-6638
DIRCSV,3,18428,13908,5553,9334,17040,18110,15820,12114,-17194,-19802,-23369,-16808,-8774,-6862,-8870,-6089,8420,12940,14500,10719,6229,-6647,149,-4426
DIRCSV,3,6733,9943,15037,8192,18361,23104,11936,19324,-16555,-11352,-26309,-22022,-10092,-8100,-22301,-11170,6463,3252,4008,10852,-7417,887,-4962,-6713
DIRCSV,3,28554,11653,8996,12109,13156,22315,15008,18809,-12741,-26287,-25446,-15633,-11639,-8283,-21781,-15080,1102,18003,3666,553,-1039,-20597,-3602,-3146
DIRCSV,3,15619,14990,5004,15300,8416,27959,11794,20609,-16269,-20093,-25828,-10223,-9531,-12728,-18243,-12934,6737,7366,7585,-2711,-67,-10681,-915,-604
DIRCSV,3,10678,10459,11788,7266,11586,17885,10983,12143,-23313,-23008,-21421,-21067,-8118,-7595,-10274,-5397,15194,15413,11147,15669,-6190,-5080,-2143,-5336
DIRCSV,3,9649,9340,17779,10303,17468,23363,13714,19044,-19290,-15224,-20066,-18800,-14880,-10505,-18121,-9379,4410,4719,1945,9421,-5252,2878,-2787,-1824
DIRCSV,3,8938,14397,16762,7504,5377,32770,6420,31209,-25153,-27670,-48363,-33916,-20713,-28690,-44270,-20565,4440,-1020,4093,13351,-1979,5844,-1632,-8526
DIRCSV,3,14241,5767,16837,7665,11845,23342,11236,21534,-21740,-24745,-28305,-23608,-22633,-17164,-32705,-18836,-893,7581,-4400,4772,-7247,-4651,-3740,-1842
DIRCSV,3,6546,14828,11892,4875,-573,29726,4228,19655,-14328,-16646,-22036,-14272,-11070,-21670,-22233,-7453,3258,-5025,-197,6820,-3759,1587,-304,-10257
DIRCSV,3,26350,18816,19099,14033,7480,24436,14649,20921,-15113,-26814,-18489,-16667,-7370,-11537,-17749,-10861,7743,15278,740,5806,-6817,-14068,186,-4597
DIRCSV,3,9668,9304,12136,12847,12795,23614,10761,20036,-14090,-12997,-19916,-12016,-11232,-9776,-26508,-19319,2857,3221,-6592,-7303,-10011,-7543,-561,2981
TASK=REST,next left,round=5
TASK=LEFT,start_light_grip_or_imagine,skip=8,feature=nn_window
DIRCSV,2,16007,16792,14496,17003,10249,23549,14085,21040,-16766,-18689,-32321,-25777,-7073,-9780,-14038,-10001,9693,8909,18283,15777,4039,2528,-4550,-4340
DIRCSV,2,8017,13761,9795,10295,7907,31116,9413,23993,-24403,-23007,-30427,-16229,-11604,-15952,-23285,-9588,12799,7055,7142,6642,-6260,-4482,-603,-4069
DIRCSV,2,13081,15448,22709,9638,2017,25874,9734,22904,-18841,-22188,-26503,-26308,-5275,-10989,-25451,-12184,13566,11198,1052,14124,-8728,900,3785,-2026
DIRCSV,2,17078,19281,15257,14890,16522,21981,17332,18884,-21226,-20972,-22188,-18560,-12187,-14136,-13835,-9842,9039,6836,8352,8719,-1812,-3633,-1125,-5516
DIRCSV,2,9257,10830,13074,3065,8768,30472,9677,20814,-21328,-20908,-27476,-19736,-8303,-9455,-23918,-6169,13025,11452,3557,13567,-9274,-5457,194,-7571
DIRCSV,2,6125,16052,23959,9682,18398,17062,14325,17206,-17630,-9429,-11438,-18190,-10890,-12617,-20228,-12704,6740,-3188,-8790,5486,-15477,2357,53,-6317
DIRCSV,2,3126,3399,10983,14978,7537,26339,5534,20870,-21680,-19272,-24416,-14529,-11742,-9608,-16386,-10494,9938,9664,8030,4035,-13278,-5421,-11370,208
DIRCSV,2,15985,7794,14738,17829,5179,27693,8057,23780,-12183,-20110,-23267,-14225,-14361,-14098,-20340,-14389,-2178,6012,2927,-164,-625,-1872,-5731,4304
DIRCSV,2,4331,3177,21170,6965,4678,30275,4266,21896,-19711,-19776,-15340,-14614,-14718,-13629,-22377,-7446,4993,6148,-7037,7168,-16723,116,-4693,-905
DIRCSV,2,8455,13072,14167,7259,11298,27990,11618,20080,-24067,-20903,-28386,-22473,-9775,-11229,-19082,-6261,14292,9674,9304,16212,-6228,-515,-1240,-7054
DIRCSV,2,-725,9941,9117,5498,50,22689,4316,14321,-19315,-14274,-19361,-14157,-5594,-11219,-16352,-7528,13721,3055,3009,6629,-10763,-921,-51,-4494
DIRCSV,2,11209,14151,15711,14258,-133,24371,9655,17420,-14674,-16228,-13936,-12227,-4855,-9350,-9716,-6554,9819,6878,4220,5674,-9223,-4721,-3624,-3517
TASK=REST,next right
TASK=RIGHT,start_light_grip_or_imagine,skip=8,feature=nn_window
DIRCSV,3,16730,12961,9648,14717,13454,20498,14290,15244,-10544,-12985,-14997,-9401,-10816,-9487,-11261,-10735,-272,3497,3736,-1334,-2071,-9153,-6078,-4322
DIRCSV,3,13169,8797,16769,9774,7645,22458,8638,20400,-17476,-22007,-21218,-17587,-16640,-16799,-29283,-18656,836,5208,-8064,-1070,-10109,-6509,-1209,-231
DIRCSV,3,7983,11838,16825,8836,18341,16398,15955,15197,-31147,-23175,-25266,-26894,-15793,-11676,-21553,-15192,15354,11499,3713,11702,-9757,-915,1884,-1118
DIRCSV,3,17832,17990,9131,12407,10752,23149,13721,17257,-18263,-22374,-21955,-13829,-10784,-15052,-14293,-9442,7479,7321,7662,4386,-2232,-10934,-2415,-7999
DIRCSV,3,7917,7800,14105,8068,8488,23048,8230,18820,-16973,-16661,-25482,-20767,-15321,-14891,-21287,-10536,1652,1770,4195,10231,-1449,4739,-3991,-3723
DIRCSV,3,13348,5552,16097,12832,13196,22520,10672,20203,-18996,-21671,-23268,-19162,-13780,-8660,-22471,-15100,5215,13011,797,4061,-9770,-7021,-5352,1929
DIRCSV,3,22670,19066,14129,16359,14466,22320,16426,20648,-23802,-30047,-29320,-22801,-10723,-13362,-19633,-15344,13079,16684,9687,7457,-5371,-13912,-1978,-4685
DIRCSV,3,6588,9170,20363,7579,11571,18556,10450,16036,-23635,-19774,-30066,-34392,-15452,-14173,-19137,-10679,8183,5601,10930,23714,-1724,12051,-4470,-6062
DIRCSV,3,19617,16507,14289,11653,6496,26881,10812,21029,-18002,-26807,-23010,-16271,-10127,-15822,-18880,-9503,7875,10985,4131,6767,-7965,-13292,-4221,-9075
DIRCSV,3,2056,17763,16106,14876,-143,27196,6504,21303,-19916,-15469,-21704,-16507,-5970,-17230,-14475,-8049,13946,-1761,7229,8459,-10588,3462,-3871,-6758
DIRCSV,3,14076,15915,19015,13501,12014,19769,14570,16376,-21388,-20895,-17653,-20292,-4615,-5959,-8027,-5152,16774,14936,9626,15139,-8607,-3668,-1458,-3872
DIRCSV,3,12526,18183,15996,13334,7931,24427,12543,19822,-17273,-17255,-24789,-20964,-7464,-13104,-14557,-8069,9809,4151,10232,12895,-3211,260,-3635,-8484
TASK=REST,next left,round=6
TASK=LEFT,start_light_grip_or_imagine,skip=8,feature=nn_window
DIRCSV,2,21164,14645,19231,10242,5689,29906,9245,24240,-13644,-25563,-19376,-14367,-17969,-23368,-25342,-11345,-4324,2195,-5967,3022,-5592,-7526,-3950,-8353
DIRCSV,2,18656,18847,22554,12844,11260,21861,13235,20693,-26149,-31571,-24450,-26311,-13277,-18889,-24236,-16387,12872,12681,214,9923,-13731,-9833,-1072,-7075
DIRCSV,2,15450,19842,22185,11794,5918,33033,13697,23096,-14906,-16659,-15482,-14571,-6251,-12396,-17461,-6159,8655,4263,-1979,8413,-12817,-6082,-2183,-10231
DIRCSV,2,18554,6880,18196,9748,10056,17319,10717,15080,-11761,-19599,-11958,-15074,-11998,-8160,-14104,-8771,-236,11438,-2145,6304,-5122,-5479,-3212,-345
DIRCSV,2,22600,13925,9490,15668,7812,23657,12148,18756,-14862,-25314,-21801,-12535,-9485,-11262,-14765,-11677,5376,14052,7036,858,-1530,-14641,-3190,-1447
DIRCSV,2,11917,12230,16734,8939,1989,30498,6999,25951,-12807,-17725,-25864,-16646,-10729,-15960,-30749,-13736,2078,1764,-4885,2910,-7472,-2654,-509,-3800
DIRCSV,2,16978,13705,12050,9278,12460,22902,14091,17735,-11153,-14040,-18197,-12513,-13184,-12798,-20914,-12457,-2031,1242,-2717,55,-323,-5251,363,-4064
DIRCSV,2,10241,8695,24170,10972,10651,23337,10101,20833,-19222,-19362,-19096,-22434,-14564,-13157,-21097,-11236,4658,6204,-2001,11198,-8335,5595,-1676,601
DIRCSV,2,12456,6406,9937,12921,6039,23360,8727,14645,-7541,-11270,-11808,-7100,-10245,-7924,-12595,-10871,-2704,3346,-787,-3771,-4610,-7129,-6527,-11
DIRCSV,2,18165,17314,19270,15636,15133,21228,16754,17703,-17881,-19292,-16520,-18087,-6156,-6716,-6758,-4692,11725,12576,9761,13395,-7045,-5940,-5081,-6759
DIRCSV,2,18621,16545,19398,15237,11832,21175,15293,18434,-15008,-18336,-13623,-14587,-7211,-8462,-11162,-7965,7798,9874,2461,6622,-9273,-8497,-3937,-5244
DIRCSV,2,14726,14976,19550,15209,12341,14510,14601,16192,-16072,-16197,-12694,-16052,-3717,-4092,-4380,-3397,12354,12105,8314,12655,-8230,-3406,-4189,-3956
TASK=REST,next right
TASK=RIGHT,start_light_grip_or_imagine,skip=8,feature=nn_window
DIRCSV,3,11341,18019,21403,16521,10153,24281,13811,20524,-19114,-16644,-18993,-19872,-6310,-10518,-10605,-6602,12804,6127,8388,13270,-9409,654,-4993,-6490
DIRCSV,3,4880,11771,16736,13342,10884,21945,10690,19480,-25235,-19425,-26899,-24155,-6047,-7128,-17662,-11524,19188,12297,9237,12631,-11290,567,-1339,232
DIRCSV,3,2926,11523,21132,7569,14999,16592,12872,15753,-28738,-18792,-24739,-30119,-13797,-12448,-25164,-16980,14941,6344,-425,13138,-16703,1503,-1338,-5291
DIRCSV,3,15984,10572,16377,15606,9955,18825,11678,17667,-11516,-15822,-14270,-12980,-13732,-12626,-19100,-17039,-2216,3196,-4830,-4059,-6892,-6500,-4278,756
DIRCSV,3,11277,18795,29248,13269,16851,15378,16187,16835,-16546,-11636,-12760,-25174,-8710,-11318,-11566,-8000,7836,318,1194,17174,-9610,8361,-2968,-8494
DIRCSV,3,16334,18205,16528,7702,8836,22594,13623,16451,-13493,-16204,-13523,-13601,-9150,-13732,-16915,-8166,4342,2472,-3392,5435,-9937,-9743,-2202,-12706
DIRCSV,3,15045,14192,16601,13410,13477,19396,14010,17190,-14263,-15298,-11904,-11315,-13945,-14126,-17064,-13284,319,1172,-5160,-1970,-10106,-8550,-4626,-5408
DIRCSV,3,13935,11672,21321,16086,13334,18735,12977,18411,-15751,-16709,-15211,-18121,-13171,-11866,-12990,-10665,2580,4843,2221,7455,-6145,1241,-5786,-1371
DIRCSV,3,37478,15448,13475,13020,2569,24756,11120,16798,-16725,-43084,-15454,-12131,-6120,-10449,-10641,-6864,10605,32635,4813,5267,-8511,-32514,-2718,-5146
DIRCSV,3,10720,18734,19866,10511,3182,29353,10269,20213,-23277,-23728,-19981,-19635,-5480,-13945,-14727,-5025,17797,9784,5255,14610,-15713,-6566,-3170,-11392
DIRCSV,3,14290,19505,17708,11580,13395,22150,15785,17246,-12728,-11232,-14331,-14793,-8853,-12572,-13241,-7575,3875,-1340,1090,7219,-5472,-2053,-2687,-10612
DIRCSV,3,17806,17383,18351,11222,7862,20865,14579,17888,-5761,-8988,-6932,-7395,-15148,-17952,-20746,-14080,-9387,-8964,-13813,-6685,-6218,-5673,-1792,-7953
TASK=REST,next left,round=7
TASK=LEFT,start_light_grip_or_imagine,skip=8,feature=nn_window
DIRCSV,2,13441,13866,15571,13564,14292,20462,14100,19413,-19203,-18544,-24895,-21054,-19326,-19091,-28351,-22503,-123,-547,-3456,-1449,-6522,-4392,-3189,-3490
DIRCSV,2,6839,16876,14218,7920,30869,8383,17806,9662,-18374,-7407,-11540,-16096,-10287,-9357,-8954,-7212,8087,-1950,2586,8885,-8401,-1022,-2900,-11856
DIRCSV,2,11932,17901,18824,14674,-2815,31300,7774,24900,-18664,-22821,-26176,-20100,-4929,-15056,-17872,-7646,13735,7766,8304,12454,-9868,-2975,-4437,-7664
DIRCSV,2,14415,21994,10981,10678,9578,22077,15357,15154,-7798,-6856,-12902,-8729,-9943,-16579,-15785,-11308,-2145,-9723,-2883,-2580,-2113,-5547,-1375,-12691
DIRCSV,2,18172,11369,19256,17973,9786,18661,12618,18649,-10937,-16490,-14304,-14912,-9528,-8279,-15535,-14859,1409,8211,-1231,52,-6670,-5585,-4030,2573
DIRCSV,2,12926,13038,14914,16898,15424,16019,14450,16245,-29375,-27851,-25274,-23944,-11276,-9863,-9799,-10453,18099,17988,15476,13491,-9694,-7706,-7071,-3210
DIRCSV,2,10643,19484,14308,13761,9288,24677,14208,20565,-25415,-21851,-28450,-22193,-5238,-10515,-15920,-9116,20177,11336,12530,13077,-9876,-6211,-2229,-7952
DIRCSV,2,19846,15451,20073,15102,10452,25216,15261,19700,-12193,-16778,-14344,-14717,-6674,-6864,-11113,-6515,5519,9914,3231,8202,-8765,-8538,-6477,-6826
DIRCSV,2,13494,15213,20578,9641,13198,19556,13807,16167,-19164,-18851,-19280,-23690,-12034,-13440,-14013,-7487,7130,5411,5267,16203,-3406,3677,-1543,-7115
DIRCSV,2,8370,10408,18677,9288,20155,10880,13624,12162,-16781,-11527,-11701,-18216,-11912,-8697,-12855,-9981,4868,2830,-1153,8235,-10285,22,-4263,-5383
DIRCSV,2,14272,17810,19417,11180,12718,19845,14237,17568,-23320,-23356,-21506,-23356,-11454,-15027,-17046,-10658,11867,8329,4461,12697,-11712,-6567,-4306,-10936
DIRCSV,2,11986,14371,16115,9126,18133,17314,15537,14515,-15508,-11956,-13221,-14822,-13679,-12513,-14783,-9394,1828,-557,-1562,5427,-3900,229,-510,-5755
TASK=REST,next right
TASK=RIGHT,start_light_grip_or_imagine,skip=8,feature=nn_window
DIRCSV,3,23024,17957,9934,12261,19909,18594,19643,14982,-16975,-20356,-18051,-13003,-10438,-8751,-14441,-11720,6538,11605,3610,1283,-4157,-17247,-1230,-6925
DIRCSV,3,14684,13877,11224,10581,8706,22714,11381,16757,-18771,-22073,-19870,-14336,-8895,-11391,-15168,-8993,9876,10683,4701,5344,-6774,-10233,-1599,-4895
DIRCSV,3,13304,11751,13222,12428,10163,16478,11877,13971,-8717,-10144,-8904,-8155,-11879,-11753,-13690,-12148,-3161,-1609,-4786,-3992,-6774,-6856,-5149,-4472
DIRCSV,3,15605,16068,13260,7918,20881,11906,18327,10488,-20592,-17870,-22466,-25238,-11170,-8910,-10844,-8274,9422,8960,11622,16964,-1314,-3659,-3514,-11664
DIRCSV,3,13792,6063,20298,13724,12924,25015,10946,21997,-14077,-16924,-15336,-13637,-14167,-9284,-22426,-14153,-90,7639,-7090,-516,-13243,-6738,-6243,1418
DIRCSV,3,19569,14276,12190,15482,17834,23302,16518,17412,-9388,-12440,-14127,-8905,-7443,-5201,-13548,-11618,1945,7238,579,-2714,-2892,-10271,-1526,-320
DIRCSV,3,18191,17090,18183,16411,17038,19665,17279,17734,-16516,-17428,-15568,-16018,-5751,-5563,-7626,-6303,10765,11866,7943,9715,-7774,-7781,-4952,-5630
DIRCSV,3,15784,14005,16340,13613,19438,11413,16020,13985,-13628,-13392,-10030,-12385,-8959,-6944,-8536,-8164,4670,6448,1494,4221,-8274,-7718,-5098,-5491
DIRCSV,3,15500,14970,18144,17794,13763,21290,14469,19262,-18993,-20024,-15765,-14648,-9429,-9930,-10365,-8897,9564,10094,5400,5750,-9371,-6726,-5206,-2382
DIRCSV,3,17871,20265,15163,17530,15906,17153,17385,16766,-16221,-16708,-15216,-13613,-12402,-15282,-14554,-15318,3820,1426,662,-1705,-9388,-12096,-6230,-8965
DIRCSV,3,12867,21483,16377,14255,9811,21841,15383,17688,-19762,-17247,-20481,-19171,-5670,-11770,-9917,-6484,14092,5476,10564,12687,-8178,-4668,-4650,-11878
DIRCSV,3,12941,14953,14968,7975,6686,26385,11245,19111,-12599,-14295,-16095,-11953,-8762,-12470,-21093,-9957,3836,1825,-4998,1995,-10323,-8296,-1489,-8466
TASK=REST,next left,round=8
TASK=LEFT,start_light_grip_or_imagine,skip=8,feature=nn_window
DIRCSV,2,24905,15625,15529,18480,21667,12660,19781,15383,-11101,-16225,-10271,-10416,-10217,-6061,-10851,-13947,884,10164,-580,-3531,-4066,-13442,-2602,253
DIRCSV,2,16898,19752,16641,15719,17090,13774,17835,15017,-18751,-17814,-14720,-16344,-11395,-13312,-10862,-11564,7356,4502,3858,4780,-7009,-7265,-3510,-7543
DIRCSV,2,19510,18247,13367,11544,10270,22643,17540,13934,-6792,-8762,-6097,-5530,-9580,-10287,-12927,-10538,-2789,-1525,-6830,-5007,-5454,-11597,-1413,-8115
DIRCSV,2,15817,18454,12789,12794,15092,22259,17186,16854,-23350,-21980,-22267,-18202,-4492,-5760,-10592,-6532,18857,16221,11675,11669,-7698,-10726,-516,-6175
DIRCSV,2,25090,18991,20332,11695,13125,27528,16186,22953,-21177,-30081,-18676,-16054,-9038,-11843,-22275,-11016,12138,18238,-3599,5038,-15832,-20590,-95,-7390
DIRCSV,2,24382,16184,18542,10152,12215,19388,15241,16526,-16222,-25363,-14516,-16532,-9867,-10810,-15865,-9491,6355,14553,-1349,7041,-10015,-15855,-2310,-8342
DIRCSV,2,24992,14776,22939,10564,19100,11261,18392,13006,-15573,-22174,-13211,-23144,-11741,-8125,-11143,-8701,3832,14049,2068,14443,-4810,-6864,-3046,-7258
DIRCSV,2,9025,15144,20644,12564,17390,21682,14732,18050,-21166,-15458,-13888,-16482,-5391,-5803,-12880,-7394,15774,9655,1008,9088,-18104,-6485,-3338,-5918
DIRCSV,2,5072,15423,12261,17234,20144,23690,15070,16845,-22761,-12764,-11726,-7142,-6981,-7334,-10368,-10758,15780,5430,1357,-3616,-19536,-12347,-5113,-3301
DIRCSV,2,18207,20906,17919,8819,8796,26664,12156,23197,-18162,-24213,-26048,-20770,-13271,-22020,-27682,-13305,4891,2193,-1634,7465,-8442,-8730,-1916,-14003
DIRCSV,2,14228,17589,15186,11475,21392,17050,18544,15078,-17605,-13290,-17578,-17686,-11302,-10347,-14075,-10471,6304,2943,3503,7214,-5630,-4672,-2829,-8944
DIRCSV,2,20900,19104,10697,15777,17482,26240,19117,17975,-14554,-16336,-18630,-11352,-5858,-5844,-9616,-7418,8696,10492,9014,3935,-4305,-14507,-4623,-7950
TASK=REST,next right
TASK=RIGHT,start_light_grip_or_imagine,skip=8,feature=nn_window
DIRCSV,3,13652,18668,17930,16483,16616,17045,16680,17095,-20835,-17807,-16269,-17104,-13246,-15234,-16048,-15436,7589,2573,221,1668,-13951,-9673,-6583,-8769
DIRCSV,3,11598,15587,13796,12053,17089,18181,15042,16124,-14255,-10811,-17834,-15505,-11498,-12044,-18285,-14213,2757,-1232,-451,1292,-8515,-6318,-5307,-8842
DIRCSV,3,13250,16832,20500,13161,15729,18515,15843,16818,-20552,-17959,-15256,-18938,-7910,-8899,-11506,-7848,12642,9060,3750,11090,-13099,-5848,-4207,-7878
DIRCSV,3,17181,18734,15830,15299,14906,14185,17051,15246,-9918,-10048,-9065,-9649,-9952,-11635,-9840,-9892,-34,-1587,-775,-243,-8214,-9565,-7473,-10909
DIRCSV,3,18032,20073,21977,12638,8867,21279,15385,17549,-17469,-20117,-15482,-19910,-5881,-10569,-10795,-5885,11588,9548,4687,14025,-10737,-6792,-3835,-11270
DIRCSV,3,19840,13348,16788,11786,9615,22549,13781,17929,-10788,-16847,-14370,-13230,-9293,-8860,-15703,-9561,1495,7987,-1333,3669,-7856,-10907,-5027,-6589
DIRCSV,3,21128,16902,13688,15000,7755,22205,12968,18834,-16224,-24385,-20947,-15801,-8328,-12263,-15001,-11168,7896,12122,5945,4633,-6518,-13958,-4567,-6469
DIRCSV,3,18438,16635,16606,12610,14160,22003,15680,18587,-18618,-21376,-19592,-17612,-9249,-10203,-16264,-10287,9369,11173,3328,7325,-10413,-12244,-4372,-8396
DIRCSV,3,7456,14023,17130,15349,5835,25533,10036,21629,-28264,-25684,-26044,-21546,-5145,-9131,-15373,-9093,23120,16553,10671,12453,-16732,-7058,-4284,-2957
DIRCSV,3,18104,19726,14589,10655,13823,23758,15486,20505,-17028,-19646,-21704,-15789,-16028,-20268,-25420,-15570,999,-622,-3715,219,-7368,-10883,-2653,-11724
DIRCSV,3,15101,18709,19372,12697,20813,14521,18319,14612,-15835,-12617,-12820,-17579,-6266,-6656,-7184,-5269,9569,5961,5636,12311,-8609,-4338,-4676,-10688
DIRCSV,3,16061,17559,21883,16791,15318,13306,16181,16296,-15648,-15528,-11849,-17436,-10873,-12250,-12736,-13231,4775,3278,-886,4205,-9754,-3932,-4092,-4860
TASK=REST,next left,round=9
TASK=LEFT,start_light_grip_or_imagine,skip=8,feature=nn_window
DIRCSV,2,12770,18515,19484,15639,11635,22120,15941,18034,-19977,-16806,-19090,-20539,-3944,-6519,-6844,-4449,16033,10287,12246,16091,-9187,-2473,-5400,-8277
DIRCSV,2,22200,23316,18705,13410,21351,14197,21990,14956,-17714,-17924,-13815,-17565,-13113,-14438,-15120,-13573,4602,3486,-1304,3991,-7938,-11433,-2032,-11938
DIRCSV,2,25007,19171,12759,15774,16045,17577,19039,15673,-19815,-25782,-19753,-16839,-4157,-4289,-4664,-4766,15658,21493,15089,12074,-4584,-16832,-4015,-7412
DIRCSV,2,18012,19280,16179,14050,18738,18197,18708,15712,-10589,-9893,-9841,-10308,-8267,-8840,-9511,-7849,2322,1054,329,2459,-7538,-9371,-5546,-10776
DIRCSV,2,14128,16568,16465,15239,16310,19505,15931,18238,-16689,-14886,-19382,-17609,-12378,-13014,-18467,-15468,4311,1872,915,2141,-7048,-4711,-3652,-4980
DIRCSV,2,19412,18467,15837,16107,17476,18013,18393,16475,-21745,-22763,-21594,-20956,-3329,-3403,-4181,-3813,18415,19360,17412,17143,-6225,-9800,-5222,-7583
DIRCSV,2,16400,17363,18067,15643,12923,20017,15231,18530,-13210,-14379,-15934,-15471,-10322,-12454,-15487,-12601,2887,1925,447,2870,-9991,-8324,-7550,-9270
DIRCSV,2,10879,21036,23576,14464,11897,20600,13599,19895,-21986,-19266,-23235,-26917,-12688,-20125,-21544,-16113,9298,-858,1691,10804,-13365,-668,-5759,-12331
DIRCSV,2,13417,17826,18703,11604,17895,20085,16770,17641,-15790,-12437,-16287,-17348,-9878,-10934,-16843,-10806,5911,1503,-556,6543,-10915,-5630,-4448,-10669
DIRCSV,2,16319,16004,16759,14098,14544,16302,15443,15749,-13659,-14536,-12461,-13472,-11175,-11736,-12630,-10980,2485,2800,-169,2492,-7730,-7291,-5077,-6983
DIRCSV,2,22064,18381,8386,15961,15556,22179,17763,18043,-16569,-20870,-25702,-16045,-8346,-8964,-11074,-8993,8224,11906,14628,7053,1415,-12262,-4989,-7409
DIRCSV,2,24413,19478,16048,13808,7228,23156,15905,17042,-21344,-29852,-26032,-25039,-3799,-7372,-7023,-3789,17545,22480,19009,21250,-2476,-10841,-3940,-9611
TASK=REST,next right
TASK=RIGHT,start_light_grip_or_imagine,skip=8,feature=nn_window
DIRCSV,3,17672,17961,14723,15667,8282,23705,13705,20982,-20721,-24688,-32604,-26346,-5954,-10210,-15682,-10368,14767,14478,16922,15978,-4942,-7891,-7098,-9392
DIRCSV,3,12750,16054,16287,14999,15660,22070,15357,18218,-19011,-16404,-17934,-16004,-6723,-7419,-11073,-7855,12289,8984,6861,8149,-11086,-7549,-5658,-6713
DIRCSV,3,21322,17388,12829,16326,13498,21746,15455,20034,-18613,-24480,-27031,-19827,-12385,-14317,-20748,-17040,6228,10163,6283,2786,-5700,-14193,-5755,-6817
DIRCSV,3,15973,17736,10596,12304,15043,23102,16128,17129,-15785,-15630,-22359,-15827,-10280,-11888,-12610,-7786,5505,3742,9750,8041,351,-5026,-3894,-9326
DIRCSV,3,17834,16449,14511,15286,18067,21325,17647,19526,-19904,-20091,-24470,-19454,-14878,-13680,-19973,-15733,5026,6410,4497,3721,-7357,-10680,-6828,-7991
DIRCSV,3,19055,19127,13515,13559,15629,18868,17536,16968,-12438,-13956,-19710,-16256,-11877,-13468,-18455,-15046,560,488,1254,1210,-4838,-10378,-5532,-11100
DIRCSV,3,10564,11874,16885,13708,4146,26252,9012,20834,-12119,-13670,-15768,-11820,-7899,-10761,-18385,-11259,4219,2909,-2617,561,-9572,-3251,-2736,-902
DIRCSV,3,8750,16575,18827,13750,12175,16499,14454,15255,-28705,-23001,-18400,-21972,-4502,-6624,-6484,-4979,24203,16378,11916,16993,-18033,-7956,-5746,-8572
DIRCSV,3,21460,18342,17439,13404,16645,18340,17845,16906,-18310,-21925,-18741,-19275,-11014,-11510,-15184,-11683,7297,10414,3556,7592,-8503,-12523,-4763,-9701
DIRCSV,3,19727,17118,17135,17578,16662,16898,17342,17057,-15104,-17489,-15033,-15111,-17909,-17685,-18230,-18751,-2805,-196,-3197,-3641,-7392,-9984,-6999,-6539
DIRCSV,3,13806,13977,20438,14312,18697,27223,14898,19559,-14586,-13494,-12695,-13574,-6481,-5561,-10984,-5736,8104,7933,1711,7838,-11346,-4713,-4953,-4619
DIRCSV,3,19577,17481,19207,16581,15989,21566,16985,19789,-23883,-26475,-25351,-24769,-7247,-7743,-13157,-9949,16636,18732,12194,14819,-9688,-10058,-5245,-6145
TASK=REST,next left,round=10
TASK=LEFT,start_light_grip_or_imagine,skip=8,feature=nn_window
