TASK=RIGHT,start_light_grip_or_imagine,skip=8,feature=nn_window
DIRCSV,3,17259,6665,-14698,-20463,-13701,-8872,997,11591,12664,11494
DIRCSV,3,-2571,229,-28577,-18893,-28046,-21161,531,-2268,9028,7113
DIRCSV,3,4928,3898,-17867,-10256,-23428,-14787,-5561,-4531,18312,12539
DIRCSV,3,11984,2958,-22394,-15867,-24778,-9225,-2384,6642,25615,18511
DIRCSV,3,1074,-49,-18901,-8159,-22706,-10842,-3805,-2682,24042,11816
DIRCSV,3,3956,-3071,-23750,-16884,-30907,-17014,-7157,-130,13908,10822
DIRCSV,3,-4262,-1035,-29136,-10998,-24446,-9536,4690,1463,25025,13876
DIRCSV,3,5243,-459,-16808,-12597,-33357,-23444,-16549,-10847,11721,9454
DIRCSV,3,58,-4407,-13641,-8627,-25029,-15550,-11388,-6923,10984,5072
DIRCSV,3,11249,2601,-25811,-16433,-34893,-16867,-9082,-434,24259,20626
DIRCSV,3,9967,-3785,-17643,-17802,-21215,-7622,-3572,10180,16453,9809
DIRCSV,3,-11524,5307,-31550,-8663,-18265,-12208,13286,-3545,21656,11363
TASK=REST,next left,round=1
TASK=LEFT,start_light_grip_or_imagine,skip=8,feature=nn_window
DIRCSV,2,8323,-5099,-20244,-19417,-23886,-9636,-3642,9780,14061,9151
DIRCSV,2,4911,8612,-33131,-29548,-19028,-19145,14103,10402,8667,8494
DIRCSV,2,1242,524,-19025,-15793,-21532,-17581,-2507,-1789,6148,4475
DIRCSV,2,9535,-5341,-16943,-25158,-19068,-12408,-2126,12750,1901,1320
DIRCSV,2,8137,3444,-20797,-17766,-20808,-13083,-11,4683,14083,11168
DIRCSV,2,4960,8500,-26292,-22851,-18336,-18435,7956,4416,8773,8401
DIRCSV,2,17692,4400,-14205,-30875,-17177,-20554,-2972,10321,-2536,1023
DIRCSV,2,1281,2542,-23437,-18199,-23134,-19158,303,-959,8051,6519
DIRCSV,2,3065,-4588,-19696,-24388,-30611,-27649,-10914,-3261,-2061,-1626
DIRCSV,2,3030,526,-11787,-10955,-15862,-12527,-4075,-1571,6357,3861
DIRCSV,2,-133,-1558,-19285,-15870,-25630,-20789,-6344,-4920,4765,3282
DIRCSV,2,-5199,1840,-22981,-13348,-15888,-13293,7093,55,8308,4435
TASK=REST,next right
TASK=RIGHT,start_light_grip_or_imagine,skip=8,feature=nn_window
DIRCSV,3,2803,3573,-25847,-27325,-22603,-24852,3244,2473,949,1325
DIRCSV,3,4309,-4543,-11596,-15872,-16425,-11848,-4828,4024,99,33
DIRCSV,3,-3448,-3302,-18296,-12277,-17740,-11866,556,410,7683,2572
DIRCSV,3,-3058,-4404,-24466,-14538,-26036,-14762,-1570,-223,11321,6869
DIRCSV,3,-4397,-4546,-20680,-15828,-14829,-9828,5851,6000,4761,454
DIRCSV,3,1026,-303,-24578,-14382,-25334,-13809,-756,573,16127,11222
DIRCSV,3,9378,3049,-14694,-24064,-18326,-21367,-3633,2697,-2601,8
DIRCSV,3,7965,-8476,-12787,-19768,-20094,-10634,-7307,9134,2279,985
DIRCSV,3,4222,-3882,-21588,-23413,-23296,-17016,-1708,6397,3269,2397
DIRCSV,3,-3568,-1114,-28103,-22157,-19273,-15781,8830,6376,3864,2378
DIRCSV,3,-116,-5203,-23231,-14290,-32666,-18638,-9435,-4347,12381,8825
DIRCSV,3,1744,-2705,-22431,-13883,-24000,-11003,-1569,2880,16830,10292
TASK=REST,next left,round=2
TASK=LEFT,start_light_grip_or_imagine,skip=8,feature=nn_window
DIRCSV,2,-14778,2269,-30081,-17675,-6846,-11488,23235,6188,-3749,-2372
DIRCSV,2,9637,-2583,-19347,-24183,-21221,-13836,-1874,10347,5883,4801
DIRCSV,2,8127,-4602,-22406,-16250,-28288,-9403,-5882,6847,21328,14283
DIRCSV,2,-7772,-3711,-22887,-12126,-15423,-8723,7464,3403,11769,2989
DIRCSV,2,4583,-416,-34012,-15162,-29547,-5699,4464,9463,37916,23432
DIRCSV,2,5293,-7010,-35771,-21019,-30828,-3773,4943,17246,35776,20045
DIRCSV,2,6822,-1444,-21651,-17458,-17652,-5193,3999,12265,22322,11016
DIRCSV,2,6831,-1912,-28072,-18256,-27380,-8821,692,9435,23869,16647
DIRCSV,2,6692,-2595,-20202,-18077,-20776,-9363,-574,8714,13957,8817
DIRCSV,2,-351,-1417,-20152,-18439,-20425,-17647,-273,792,2307,1362
DIRCSV,2,2222,1283,-19580,-14611,-15563,-9655,4017,4956,12339,7191
DIRCSV,2,-1505,3011,-30546,-30593,-23220,-27783,7325,2810,-1966,-1551
TASK=REST,next right
TASK=RIGHT,start_light_grip_or_imagine,skip=8,feature=nn_window
DIRCSV,3,8329,3776,-32524,-24709,-35443,-23074,-2919,1635,17479,16145
DIRCSV,3,12644,-3761,-23994,-22295,-33134,-15030,-9140,7265,16988,14343
DIRCSV,3,13178,4745,-30349,-17673,-34593,-13484,-4244,4188,30654,25854
DIRCSV,3,9023,1649,-17999,-23957,-23184,-21768,-5186,2188,2291,3065
DIRCSV,3,-3064,92,-24239,-14394,-15745,-9057,8494,5337,13528,6780
DIRCSV,3,5617,382,-26983,-22915,-26675,-17372,308,5543,11460,9685
DIRCSV,3,-284,-1667,-12006,-11201,-16717,-14528,-4710,-3327,2023,522
DIRCSV,3,9162,4705,-18652,-10491,-29599,-16981,-10947,-6491,22628,17323
DIRCSV,3,727,-3745,-10704,-10357,-19201,-14382,-8497,-4025,3324,1074
DIRCSV,3,-5149,1797,-9072,-11292,-18753,-27920,-9681,-16627,-10657,-7370
DIRCSV,3,-4346,3178,-20125,-7891,-20953,-16243,-828,-8352,15456,7888
DIRCSV,3,232,4077,-39786,-20047,-27473,-11580,12312,8467,25063,19970
TASK=REST,next left,round=3
TASK=LEFT,start_light_grip_or_imagine,skip=8,feature=nn_window
DIRCSV,2,9151,-4319,-33687,-14712,-46045,-13600,-12358,1113,34333,28126
DIRCSV,2,-3295,5354,-36920,-15538,-32174,-19441,4746,-3903,21794,18087
DIRCSV,2,1059,4171,-17914,-10905,-22209,-18312,-4295,-7407,11705,8068
DIRCSV,2,11953,-5715,-17094,-17873,-32500,-15611,-15406,2262,13430,11174
DIRCSV,2,-4310,-3827,-32593,-14540,-39088,-21519,-6495,-6978,17446,13743
DIRCSV,2,-3371,-2193,-37954,-13628,-30795,-7648,7158,5980,33024,20954
DIRCSV,2,1280,160,-27912,-28703,-15891,-15562,12021,13141,518,489
DIRCSV,2,-1441,-3385,-24534,-16609,-27645,-17776,-3111,-1167,9318,6484
DIRCSV,2,-12,-5575,-23899,-14599,-29456,-14593,-5557,5,13979,9288
DIRCSV,2,5194,-2066,-22547,-15818,-27484,-13494,-4937,2324,16328,11923
DIRCSV,2,3369,-645,-18029,-16490,-16797,-11244,1233,5246,7860,4908
DIRCSV,2,8977,1765,-25770,-29954,-22136,-19108,3634,10846,4950,4793
TASK=REST,next right
TASK=RIGHT,start_light_grip_or_imagine,skip=8,feature=nn_window
DIRCSV,3,24177,-1865,-29079,-22829,-42661,-10369,-13582,12460,35814,30427
DIRCSV,3,10207,11812,-32971,-16649,-30886,-16171,2084,479,30571,26528
DIRCSV,3,14509,885,-48498,-26004,-46776,-10658,1722,15346,42254,37003
DIRCSV,3,6265,-371,-20327,-20313,-24342,-17692,-4015,2621,7402,6279
DIRCSV,3,-5863,2838,-17287,-12397,-19434,-23245,-2147,-10849,59,-973
DIRCSV,3,-7584,-7846,-26880,-14478,-19613,-6948,7268,7530,15729,4818
DIRCSV,3,7910,-3932,-17829,-17776,-25259,-13365,-7430,4411,10763,7962
DIRCSV,3,1184,-2657,-23242,-11060,-31084,-15060,-7842,-4000,19873,13366
DIRCSV,3,-2882,2884,-22604,-14374,-22663,-20198,-58,-5824,7640,5348
DIRCSV,3,-2535,3055,-13069,-14343,-13757,-20621,-687,-6278,-6669,-3809
DIRCSV,3,-2524,1049,-22074,-6533,-30718,-18751,-8644,-12218,22514,13017
DIRCSV,3,11978,2961,-21548,-23866,-23730,-17031,-2181,6835,10516,9660
TASK=REST,next left,round=4
TASK=LEFT,start_light_grip_or_imagine,skip=8,feature=nn_window
DIRCSV,2,7694,-310,-21299,-13745,-27898,-12341,-6599,1404,21113,15247
DIRCSV,2,-3021,5836,-36303,-25571,-22392,-20517,13911,5054,8590,7711
DIRCSV,2,7862,5373,-21449,-23600,-24468,-24129,-3019,-529,5468,5712
DIRCSV,2,1926,3555,-25967,-17526,-22546,-15734,3421,1792,13180,10367
DIRCSV,2,2870,658,-12008,-11902,-18373,-16054,-6365,-4153,3843,2977
DIRCSV,2,2977,7519,-22673,-12758,-24950,-19576,-2277,-6818,16287,12892
DIRCSV,2,4000,-8018,-13493,-15213,-25505,-15208,-12013,5,3907,2280
DIRCSV,2,3100,-665,-24478,-33504,-17098,-22359,7380,11145,-7507,-5926
DIRCSV,2,-827,13298,-36687,-20778,-21807,-20024,14880,754,16605,15082
DIRCSV,2,-9007,7124,-27698,-21697,-15305,-25435,12393,-3738,-4137,-3006
DIRCSV,2,-7142,4704,-25622,-12224,-24949,-23397,673,-11174,9475,6256
DIRCSV,2,5082,-6911,-11286,-16662,-24534,-17917,-13248,-1255,-1167,-294
TASK=REST,next right
TASK=RIGHT,start_light_grip_or_imagine,skip=8,feature=nn_window
DIRCSV,3,8642,4313,-22038,-24080,-22209,-19921,-171,4159,6697,6601
DIRCSV,3,-2419,4474,-42772,-23326,-29493,-16940,13280,6387,19638,17027
DIRCSV,3,-1136,3002,-19713,-13668,-27989,-26082,-8276,-12414,6660,4909
DIRCSV,3,-3272,3494,-24686,-18287,-23026,-23394,1660,-5106,4055,3127
DIRCSV,3,1515,-4527,-32934,-22173,-31018,-14215,1916,7958,15731,12276
DIRCSV,3,3306,4961,-22783,-13018,-23315,-15204,-531,-2186,17591,13071
DIRCSV,3,11427,-1026,-32548,-28378,-35726,-19103,-3178,9276,17221,15597
DIRCSV,3,5029,4357,-16225,-11852,-27001,-21956,-10777,-10104,11724,9402
DIRCSV,3,6716,2488,-22087,-19585,-27710,-20980,-5623,-1395,10387,9218
DIRCSV,3,5718,1763,-21232,-21582,-21112,-17508,119,4074,6026,5367
DIRCSV,3,8129,724,-16498,-18614,-24010,-18721,-7512,-107,6390,6013
DIRCSV,3,8569,-5810,-7354,-14588,-28864,-21718,-21510,-7131,-2070,1335
TASK=REST,next left,round=5
TASK=LEFT,start_light_grip_or_imagine,skip=8,feature=nn_window
DIRCSV,2,-3925,-5639,-22476,-21111,-21231,-18153,1245,2958,-1773,-2560
DIRCSV,2,7858,-1443,-24870,-27776,-22164,-15769,2706,12006,5949,4952
DIRCSV,2,7833,8124,-33956,-22279,-29601,-18215,4356,4064,21759,19510
DIRCSV,2,1758,4915,-31561,-14794,-36924,-23314,-5363,-8520,21756,18525
DIRCSV,2,2908,-587,-24863,-20855,-26345,-18842,-1482,2013,8465,6916
DIRCSV,2,5432,483,-23714,-19690,-24779,-15807,-1065,3884,11742,9455
DIRCSV,2,1232,-4574,-29575,-18412,-33945,-16976,-4370,1436,15682,12394
DIRCSV,2,-2464,2688,-22647,-19084,-21803,-23392,844,-4308,1460,1098
DIRCSV,2,6267,10991,-27739,-15872,-22873,-15731,4865,141,21651,18133
DIRCSV,2,-2932,1908,-20750,-15772,-27365,-27228,-6616,-11456,3112,2045
DIRCSV,2,-8013,-5298,-32860,-21373,-23530,-14757,9331,6616,6309,3475
DIRCSV,2,5490,-4652,-25870,-12250,-39658,-15896,-13788,-3646,25008,19110
TASK=REST,next right
TASK=RIGHT,start_light_grip_or_imagine,skip=8,feature=nn_window
DIRCSV,3,6367,-3235,-26609,-19290,-27046,-10126,-437,9164,19319,13685
DIRCSV,3,-403,-2442,-14397,-14283,-19731,-17579,-5335,-3296,307,-290
DIRCSV,3,2208,5681,-16481,-14301,-28484,-29777,-12003,-15476,4934,4388
DIRCSV,3,2246,2009,-23629,-19448,-25642,-21223,-2012,-1775,7599,6427
DIRCSV,3,10637,5361,-31013,-12373,-35209,-11293,-4196,1080,38006,29277
DIRCSV,3,899,1373,-44047,-22994,-37288,-16708,6759,6286,24986,21953
DIRCSV,3,14853,6033,-39520,-19124,-50385,-21169,-10865,-2045,38110,35249
DIRCSV,3,5873,8032,-27374,-14247,-22595,-11628,4779,2619,25203,18999
DIRCSV,3,13816,6632,-20286,-17662,-22457,-12649,-2171,5013,19768,16440
DIRCSV,3,6424,442,-31576,-20742,-32371,-15555,-794,5187,20511,17258
DIRCSV,3,15133,-1472,-13170,-22234,-22503,-14962,-9334,7272,5433,6069
DIRCSV,3,5090,4342,-17962,-10107,-21883,-13280,-3921,-3173,19601,12945
TASK=REST,next left,round=6
TASK=LEFT,start_light_grip_or_imagine,skip=8,feature=nn_window
DIRCSV,2,2614,-3466,-33932,-18812,-36581,-15381,-2649,3431,21698,17734
DIRCSV,2,-3008,432,-31368,-13456,-27991,-13519,3377,-63,21124,14904
DIRCSV,2,7355,-6036,-25069,-24936,-31613,-18089,-6544,6848,8995,7488
DIRCSV,2,15884,2837,-25245,-16293,-36569,-14569,-11323,1724,29321,24837
DIRCSV,2,12485,-6363,-21162,-30971,-31644,-22605,-10482,8366,2519,2676
DIRCSV,2,-704,6758,-49363,-12065,-45491,-15655,3872,-3590,43511,36593
DIRCSV,2,-1083,-2413,-41182,-10849,-49946,-18283,-8764,-7434,35921,29250
DIRCSV,2,21986,7539,-19767,-22300,-27551,-15636,-7784,6663,21006,19453
DIRCSV,2,7751,-3570,-36936,-21322,-40900,-13964,-3964,7357,27498,23365
DIRCSV,2,40719,9963,-43195,-16768,-60000,-9916,-23903,6853,60000,60000
DIRCSV,2,52686,10759,-32558,-26580,-58150,-10245,-25592,16335,60000,58663
DIRCSV,2,39635,16125,-40712,-26761,-57685,-20225,-16973,6536,55628,53586
TASK=REST,next right
TASK=RIGHT,start_light_grip_or_imagine,skip=8,feature=nn_window
DIRCSV,3,-4407,1874,-43228,-11659,-38060,-12772,5168,-1113,35729,27162
DIRCSV,3,-1110,5681,-39766,-23970,-36233,-27228,3533,-3258,15925,14686
DIRCSV,3,10777,2786,-33318,-15472,-43724,-17886,-10405,-2414,32909,28623
DIRCSV,3,13143,-198,-40459,-14987,-52414,-13601,-11954,1386,44925,38615
DIRCSV,3,20130,3994,-35438,-22257,-36988,-7672,-1550,14585,41252,33310
DIRCSV,3,16404,1079,-13652,-16459,-29851,-17332,-16199,-874,14560,13597
DIRCSV,3,-16729,-5289,-35709,-12337,-24122,-12190,11587,147,14228,6644
DIRCSV,3,-8902,3853,-44465,-10590,-42226,-21105,2239,-10515,31017,24973
DIRCSV,3,23151,2538,-28329,-25423,-37583,-14064,-9253,11359,29111,26057
DIRCSV,3,19150,6343,-34063,-27753,-43871,-24754,-9808,2999,26577,25460
DIRCSV,3,20264,3114,-23740,-15039,-43501,-17650,-19762,-2612,32844,28965
DIRCSV,3,891,2316,-38909,-13707,-38258,-14481,651,-774,32374,26093
TASK=REST,next left,round=7
TASK=LEFT,start_light_grip_or_imagine,skip=8,feature=nn_window
DIRCSV,2,17899,1476,-22632,-19817,-30598,-11360,-7966,8457,25220,20714
DIRCSV,2,39343,16326,-22293,-24312,-35397,-14399,-13103,9913,39784,37324
DIRCSV,2,12683,7502,-27064,-20172,-32659,-20586,-5595,-414,21486,19575
DIRCSV,2,13192,-937,-36907,-24114,-40192,-13270,-3285,10844,29931,25985
DIRCSV,2,1264,-363,-23002,-15271,-21891,-12533,1111,2738,13595,8995
DIRCSV,2,12659,-691,-9650,-17791,-21740,-16530,-12090,1261,2159,4518
DIRCSV,2,-8704,1061,-27574,-7719,-21305,-11216,6269,-3496,24646,11150
DIRCSV,2,11135,-2909,-23653,-22278,-31106,-15687,-7452,6591,14818,12510
DIRCSV,2,4607,2000,-41724,-28562,-35969,-20200,5755,8361,19440,17769
DIRCSV,2,18825,6120,-23291,-21372,-31094,-16470,-7803,4902,22932,20744
DIRCSV,2,742,7453,-24467,-17798,-25311,-25354,-844,-7556,8443,7411
DIRCSV,2,15289,-12941,-22422,-19634,-53861,-22842,-31438,-3209,19677,18078
TASK=REST,next right
TASK=RIGHT,start_light_grip_or_imagine,skip=8,feature=nn_window
DIRCSV,3,24776,10510,-27822,-19860,-42728,-20501,-14906,-641,35041,32738
DIRCSV,3,22596,11752,-33751,-29827,-44848,-30081,-11098,-254,27108,26519
DIRCSV,3,5941,4708,-37071,-15145,-43771,-20612,-6700,-5467,31753,27866
DIRCSV,3,13121,-42,-37179,-18047,-42113,-9819,-4934,8228,39600,32253
DIRCSV,3,10771,12157,-33899,-17940,-35852,-21279,-1953,-3339,29457,26731
DIRCSV,3,12519,11764,-22221,-15675,-25021,-17720,-2800,-2045,21712,19065
DIRCSV,3,12786,714,-25330,-17618,-42158,-22374,-16827,-4756,22772,20497
DIRCSV,3,-6187,-300,-28962,-12477,-26454,-15857,2507,-3380,15720,10297
DIRCSV,3,10206,6680,-24907,-25914,-26045,-23526,-1138,2388,9357,9198
DIRCSV,3,11901,-3765,-36679,-24835,-45795,-18284,-9116,6550,26180,23745
DIRCSV,3,4933,-2686,-24479,-19292,-33286,-20480,-8807,-1189,12021,10120
DIRCSV,3,-7170,-7700,-37671,-13688,-39797,-15283,-2126,-1596,22761,16814
TASK=REST,next left,round=8
TASK=LEFT,start_light_grip_or_imagine,skip=8,feature=nn_window
DIRCSV,2,-7387,8340,-32984,-12731,-15684,-11158,17300,1573,19407,12866
DIRCSV,2,901,5109,-35686,-11308,-33851,-13681,1835,-2373,33250,25279
DIRCSV,2,15128,-1368,-32179,-18792,-39087,-9204,-6908,9588,35905,28515
DIRCSV,2,2178,13490,-30544,-15140,-22801,-18709,7743,-3569,20648,17582
DIRCSV,2,8189,4316,-26393,-20489,-29163,-19385,-2769,1104,15937,14093
DIRCSV,2,5263,6156,-31278,-13563,-29680,-12859,1598,704,29613,22978
DIRCSV,2,9438,3689,-29716,-22937,-18673,-6144,11044,16793,24182,16218
DIRCSV,2,20028,4307,-30772,-13564,-41888,-8959,-11116,4605,47565,37236
DIRCSV,2,8162,-3540,-17358,-17313,-30880,-19133,-13523,-1820,9623,8206
DIRCSV,2,14426,4439,-26631,-24793,-30246,-18421,-3615,6372,17780,16265
DIRCSV,2,9036,6030,-27781,-5789,-40063,-15064,-12281,-9275,45434,31028
DIRCSV,2,-6670,1736,-31484,-14693,-30190,-21807,1293,-7113,13359,10120
TASK=REST,next right
TASK=RIGHT,start_light_grip_or_imagine,skip=8,feature=nn_window
DIRCSV,3,3904,-497,-27511,-20155,-29044,-17287,-1533,2868,13719,11260
DIRCSV,3,27717,21831,-16860,-27874,-12146,-17274,4715,10601,12859,16703
DIRCSV,3,7996,-3652,-28332,-19315,-29301,-8635,-968,10680,24184,17013
DIRCSV,3,-670,1032,-33896,-19562,-31648,-19017,2248,545,16308,13663
DIRCSV,3,-6401,-5900,-28556,-12887,-26103,-10934,2453,1953,17298,9268
DIRCSV,3,10340,-1035,-25020,-21728,-34421,-19755,-9402,1973,15333,13632
DIRCSV,3,7559,995,-13496,-14995,-25319,-20253,-11823,-5258,6310,6060
DIRCSV,3,9619,-5249,-29420,-26131,-43879,-25723,-14460,408,13855,12908
DIRCSV,3,18428,7878,-28996,-12797,-45747,-18999,-16751,-6202,39531,34626
DIRCSV,3,3855,718,-27675,-12711,-34670,-16568,-6994,-3857,24204,18819
DIRCSV,3,-407,3051,-30320,-18062,-30336,-21536,-16,-3474,14128,11852
DIRCSV,3,16879,-432,-20263,-36045,-22914,-21385,-2651,14660,12,1097
TASK=REST,next left,round=9
TASK=LEFT,start_light_grip_or_imagine,skip=8,feature=nn_window
DIRCSV,2,8015,224,-29366,-23204,-30939,-16986,-1573,6218,16443,14177
DIRCSV,2,468,-2861,-30727,-12618,-39515,-18076,-8788,-5459,23828,18578
DIRCSV,2,2301,2554,-25105,-15401,-26531,-17080,-1426,-1678,15395,12005
DIRCSV,2,15554,4277,-29600,-23172,-33560,-15855,-3960,7317,24692,21983
DIRCSV,2,5379,-383,-23863,-13539,-29783,-13697,-5920,-158,21345,15703
DIRCSV,2,1532,-1581,-29492,-20796,-27016,-15207,2475,5589,13164,10228
DIRCSV,2,26259,540,-14772,-36484,-25508,-21501,-10736,14983,2428,4548
DIRCSV,2,10361,-68,-39198,-19570,-45368,-15310,-6170,4260,34104,29989
DIRCSV,2,6786,-2095,-40340,-21846,-45032,-17657,-4692,4189,28324,25281
DIRCSV,2,15270,-8032,-32892,-29753,-39747,-13306,-6855,16447,21620,18409
DIRCSV,2,4146,3385,-28984,-15587,-28261,-14104,722,1483,22388,17542
DIRCSV,2,-6559,-2364,-39975,-15233,-38746,-18199,1229,-2966,22564,18183
TASK=REST,next right
TASK=RIGHT,start_light_grip_or_imagine,skip=8,feature=nn_window
DIRCSV,3,5966,-4680,-37493,-20568,-43107,-15536,-5614,5032,26661,22892
DIRCSV,3,22962,682,-27058,-20295,-41561,-12517,-14503,7777,34268,29726
DIRCSV,3,813,3086,-25087,-14402,-29561,-21150,-4475,-6748,14491,11498
DIRCSV,3,2577,-1542,-23462,-19076,-27497,-18992,-4035,84,8763,6963
DIRCSV,3,12101,2521,-16798,-15585,-20508,-9715,-3710,5870,18420,13314
DIRCSV,3,9330,3227,-20793,-21281,-24009,-18394,-3216,2887,9669,8841
DIRCSV,3,-16593,2789,-43967,-12003,-24169,-11587,19798,416,23846,15371
DIRCSV,3,11732,-337,-40037,-16110,-54780,-18785,-14743,-2675,39778,35658
DIRCSV,3,12445,3482,-26939,-10528,-36778,-11405,-9839,-876,38925,28855
DIRCSV,3,9144,3419,-35022,-20017,-37923,-17193,-2901,2824,27381,24149
DIRCSV,3,11465,1367,-25197,-15351,-33881,-13938,-8684,1413,26325,21310
DIRCSV,3,7871,1037,-33948,-19464,-37181,-15861,-3232,3602,26030,22356
TASK=REST,next left,round=10
TASK=LEFT,start_light_grip_or_imagine,skip=8,feature=nn_window
DIRCSV,2,4740,1613,-28538,-18962,-33039,-20336,-4501,-1373,16623,14316
DIRCSV,2,21040,3736,-25620,-13200,-44574,-14850,-18955,-1651,39336,33460
DIRCSV,2,12103,142,-16694,-20762,-27367,-19474,-10673,1288,8236,8034
DIRCSV,2,16542,1422,-23574,-28532,-27630,-17468,-4057,11063,12507,11584
DIRCSV,2,13268,1367,-24876,-25586,-28198,-17008,-3323,8578,14029,12558
DIRCSV,2,-3890,-5348,-41335,-21721,-39321,-18247,2015,3473,18581,15725
DIRCSV,2,-14824,-5048,-53477,-22414,-39655,-18369,13822,4046,19085,16238
DIRCSV,2,16878,-3054,-22286,-26359,-28089,-12230,-5803,14129,15523,12805
DIRCSV,2,13522,-3770,-39801,-19077,-50646,-12629,-10845,6447,39637,34247
DIRCSV,2,-955,-7682,-23564,-19315,-34590,-23613,-11025,-4298,4680,3295
DIRCSV,2,11551,6638,-24607,-15613,-33344,-19438,-8738,-3824,23609,20544
DIRCSV,2,3225,4132,-15781,-8188,-20108,-13421,-4326,-5233,18774,10818
TASK=REST,next right
